0 31
0 19
0 18
18 19
19 31
new Line(100,44,135,51),
new Line(135,51,278,-39),
new Line(278,-39,323,77),
0 90
0 11
11 90
11 19
19 90
19 22
22 90
22 25
25 90
25 28
28 90
28 31
31 90
31 32
32 90
32 34
34 90
34 37
37 90
37 40
40 90
40 43
43 90
43 46
46 90
46 47
47 90
new Line(100,44,121,47),
new Line(121,47,278,-39),
new Line(278,-39,290,-19),
new Line(290,-19,314,31),
new Line(314,31,319,54),
new Line(319,54,323,77),
new Line(323,77,382,140),
new Line(382,140,374,164),
new Line(374,164,366,187),
new Line(366,187,355,209),
new Line(355,209,343,230),
new Line(343,230,328,249),
new Line(328,249,183,130),
new Line(183,130,122,135),
0 129
0 19
0 18
18 19
19 129
19 22
22 129
22 25
25 129
25 28
28 129
28 31
31 129
31 32
32 129
32 34
34 129
34 37
37 129
37 40
40 129
40 43
43 129
43 46
46 129
46 47
47 129
47 62
62 129
62 77
77 129
77 91
91 129
new Line(100,44,135,51),
new Line(135,51,278,-39),
new Line(278,-39,290,-19),
new Line(290,-19,314,31),
new Line(314,31,319,54),
new Line(319,54,323,77),
new Line(323,77,382,140),
new Line(382,140,374,164),
new Line(374,164,366,187),
new Line(366,187,355,209),
new Line(355,209,343,230),
new Line(343,230,328,249),
new Line(328,249,183,130),
new Line(183,130,162,139),
new Line(162,139,141,141),
new Line(141,141,111,58),
new Line(111,58,181,53),
0 213
0 19
0 18
18 19
19 213
19 23
23 213
23 25
25 213
25 29
29 213
29 32
32 213
32 34
34 213
34 37
37 213
37 40
40 213
40 43
43 213
43 46
46 213
46 53
53 213
53 91
53 68
68 91
68 85
85 91
91 213
91 103
103 213
103 117
117 213
117 130
130 213
130 133
133 213
133 139
139 213
139 145
145 213
145 151
151 213
151 157
157 213
157 166
166 213
166 173
173 213
173 179
179 213
179 182
182 213
182 185
185 213
185 189
189 213
189 193
193 213
193 194
194 213
new Line(100,44,135,51),
new Line(135,51,278,-39),
new Line(278,-39,294,-12),
new Line(294,-12,314,31),
new Line(314,31,319,62),
new Line(319,62,382,140),
new Line(382,140,374,164),
new Line(374,164,366,187),
new Line(366,187,355,209),
new Line(355,209,343,230),
new Line(343,230,328,249),
new Line(328,249,175,134),
new Line(175,134,154,140),
new Line(154,140,129,137),
new Line(129,137,111,58),
new Line(111,58,133,49),
new Line(133,49,159,47),
new Line(159,47,220,37),
new Line(220,37,261,-13),
new Line(261,-13,282,0),
new Line(282,0,301,16),
new Line(301,16,316,35),
new Line(316,35,328,57),
new Line(328,57,318,94),
new Line(318,94,317,117),
new Line(317,117,422,181),
new Line(422,181,412,202),
new Line(412,202,401,222),
new Line(401,222,362,228),
new Line(362,228,343,247),
new Line(343,247,252,140),
new Line(252,140,220,148),
0 299
0 19
0 18
18 19
19 299
19 24
24 299
24 25
25 299
25 30
30 299
30 32
32 299
32 34
34 299
34 37
37 299
37 40
40 299
40 43
43 299
43 46
46 299
46 47
47 299
47 91
47 61
61 91
61 77
77 91
91 299
91 105
105 299
105 126
126 299
126 130
130 299
130 133
133 299
133 139
139 299
139 145
145 299
145 152
152 299
152 159
159 299
159 173
173 299
173 179
179 299
179 182
182 299
182 185
185 299
185 189
189 299
189 192
192 299
192 200
200 299
200 214
214 299
214 224
224 299
224 231
231 299
231 250
250 299
250 271
271 299
new Line(100,44,135,51),
new Line(135,51,278,-39),
new Line(278,-39,298,-5),
new Line(298,-5,314,31),
new Line(314,31,321,69),
new Line(321,69,382,140),
new Line(382,140,374,164),
new Line(374,164,366,187),
new Line(366,187,355,209),
new Line(355,209,343,230),
new Line(343,230,328,249),
new Line(328,249,183,130),
new Line(183,130,164,139),
new Line(164,139,141,141),
new Line(141,141,111,58),
new Line(111,58,136,48),
new Line(136,48,175,52),
new Line(175,52,220,37),
new Line(220,37,261,-13),
new Line(261,-13,282,0),
new Line(282,0,301,16),
new Line(301,16,319,38),
new Line(319,38,331,64),
new Line(331,64,317,117),
new Line(317,117,422,181),
new Line(422,181,412,202),
new Line(412,202,401,222),
new Line(401,222,362,228),
new Line(362,228,348,242),
new Line(348,242,241,144),
new Line(241,144,270,37),
new Line(270,37,292,39),
new Line(292,39,315,33),
new Line(315,33,316,85),
new Line(316,85,315,120),
new Line(315,120,270,146),
0 390
0 19
0 18
18 19
19 390
19 25
25 390
25 32
32 390
32 34
34 390
34 37
37 390
37 40
40 390
40 43
43 390
43 47
43 46
46 47
47 390
47 91
47 61
61 91
61 77
77 91
91 390
91 108
108 390
108 130
130 390
130 133
133 390
133 142
142 390
142 151
151 390
151 179
151 160
160 179
160 169
169 179
169 176
176 179
179 390
179 182
182 390
182 185
185 390
185 188
188 390
188 192
192 390
192 194
194 390
194 214
194 207
207 214
214 390
214 225
225 390
225 231
231 390
231 288
231 264
264 288
288 390
288 300
300 390
300 312
312 390
312 324
324 390
324 337
337 390
new Line(100,44,135,51),
new Line(135,51,278,-39),
new Line(278,-39,314,31),
new Line(314,31,382,140),
new Line(382,140,374,164),
new Line(374,164,366,187),
new Line(366,187,355,209),
new Line(355,209,343,230),
new Line(343,230,328,249),
new Line(328,249,183,130),
new Line(183,130,164,139),
new Line(164,139,141,141),
new Line(141,141,111,58),
new Line(111,58,142,47),
new Line(142,47,220,37),
new Line(220,37,261,-13),
new Line(261,-13,292,8),
new Line(292,8,316,35),
new Line(316,35,316,73),
new Line(316,73,317,103),
new Line(317,103,315,127),
new Line(315,127,422,181),
new Line(422,181,412,202),
new Line(412,202,401,222),
new Line(401,222,367,224),
new Line(367,224,348,242),
new Line(348,242,252,140),
new Line(252,140,229,146),
new Line(229,146,270,37),
new Line(270,37,294,40),
new Line(294,40,315,33),
new Line(315,33,318,108),
new Line(318,108,287,144),
new Line(287,144,237,54),
new Line(237,54,258,44),
new Line(258,44,279,41),
new Line(279,41,304,44),
new Line(304,44,310,126),
0 480
0 19
0 18
18 19
19 480
19 24
24 480
24 25
25 480
25 30
30 480
30 32
32 480
32 34
34 480
34 37
37 480
37 40
40 480
40 43
43 480
43 46
46 480
46 47
47 480
47 91
47 61
61 91
61 77
77 91
91 480
91 105
105 480
105 129
129 480
129 130
130 480
130 133
133 480
133 139
139 480
139 145
145 480
145 151
151 480
151 157
157 480
157 169
169 480
169 177
177 480
177 179
179 480
179 182
182 480
182 185
185 480
185 189
189 480
189 192
192 480
192 197
197 480
197 214
197 211
211 214
214 480
214 224
224 480
224 231
231 480
231 247
247 480
247 263
263 480
263 278
278 480
278 300
278 286
286 300
300 480
300 311
311 480
311 322
322 480
322 333
333 480
333 346
333 339
339 346
346 480
346 362
362 480
362 382
382 480
382 391
391 480
391 410
410 480
410 414
414 480
414 419
419 480
419 424
424 480
424 428
428 480
428 432
432 480
432 433
433 480
new Line(100,44,135,51),
new Line(135,51,278,-39),
new Line(278,-39,298,-5),
new Line(298,-5,314,31),
new Line(314,31,321,69),
new Line(321,69,382,140),
new Line(382,140,374,164),
new Line(374,164,366,187),
new Line(366,187,355,209),
new Line(355,209,343,230),
new Line(343,230,328,249),
new Line(328,249,183,130),
new Line(183,130,164,139),
new Line(164,139,141,141),
new Line(141,141,111,58),
new Line(111,58,136,48),
new Line(136,48,181,53),
new Line(181,53,220,37),
new Line(220,37,261,-13),
new Line(261,-13,282,0),
new Line(282,0,301,16),
new Line(301,16,316,35),
new Line(316,35,328,57),
new Line(328,57,317,103),
new Line(317,103,315,130),
new Line(315,130,422,181),
new Line(422,181,412,202),
new Line(412,202,401,222),
new Line(401,222,362,228),
new Line(362,228,348,242),
new Line(348,242,246,142),
new Line(246,142,223,147),
new Line(223,147,270,37),
new Line(270,37,292,39),
new Line(292,39,315,33),
new Line(315,33,314,81),
new Line(314,81,317,106),
new Line(317,106,311,134),
new Line(311,134,291,143),
new Line(291,143,237,54),
new Line(237,54,256,45),
new Line(256,45,276,40),
new Line(276,40,296,43),
new Line(296,43,315,34),
new Line(315,34,311,61),
new Line(311,61,320,85),
new Line(320,85,316,114),
new Line(316,114,351,47),
new Line(351,47,323,103),
new Line(323,103,434,109),
new Line(434,109,432,134),
new Line(432,134,427,159),
new Line(427,159,421,179),
new Line(421,179,411,197),
new Line(411,197,321,133),
new Line(321,133,265,133),
0 545
0 19
0 18
18 19
19 545
19 25
25 545
25 32
32 545
32 34
34 545
34 37
37 545
37 40
40 545
40 43
43 545
43 46
46 545
46 47
47 545
47 91
47 61
61 91
61 77
77 91
91 545
91 106
106 545
106 130
130 545
130 133
133 545
133 141
141 545
141 149
149 545
149 159
159 545
159 179
159 162
162 179
162 171
171 179
171 178
178 179
179 545
179 182
182 545
182 185
185 545
185 188
188 545
188 191
191 545
191 194
194 545
194 214
194 207
207 214
214 545
214 224
224 545
224 230
230 545
230 288
230 260
260 288
288 545
288 300
300 545
300 311
311 545
311 323
323 545
323 335
335 545
335 391
335 349
349 391
349 362
362 391
391 545
391 414
391 392
392 414
392 413
413 414
414 545
414 419
419 545
419 424
424 545
424 428
428 545
428 432
432 545
432 481
432 433
433 481
433 449
449 481
449 466
466 481
481 545
481 488
481 486
486 488
486 487
487 488
488 545
488 493
493 545
493 498
498 545
498 503
503 545
503 508
508 545
508 513
513 545
new Line(100,44,135,51),
new Line(135,51,278,-39),
new Line(278,-39,314,31),
new Line(314,31,382,140),
new Line(382,140,374,164),
new Line(374,164,366,187),
new Line(366,187,355,209),
new Line(355,209,343,230),
new Line(343,230,328,249),
new Line(328,249,183,130),
new Line(183,130,164,139),
new Line(164,139,141,141),
new Line(141,141,111,58),
new Line(111,58,138,48),
new Line(138,48,220,37),
new Line(220,37,261,-13),
new Line(261,-13,288,6),
new Line(288,6,312,28),
new Line(312,28,331,64),
new Line(331,64,316,80),
new Line(316,80,317,110),
new Line(317,110,314,134),
new Line(314,134,422,181),
new Line(422,181,412,202),
new Line(412,202,401,222),
new Line(401,222,367,224),
new Line(367,224,353,238),
new Line(353,238,252,140),
new Line(252,140,229,146),
new Line(229,146,270,37),
new Line(270,37,292,39),
new Line(292,39,312,32),
new Line(312,32,317,101),
new Line(317,101,287,144),
new Line(287,144,237,54),
new Line(237,54,256,45),
new Line(256,45,277,40),
new Line(277,40,300,44),
new Line(300,44,313,66),
new Line(313,66,320,85),
new Line(320,85,351,47),
new Line(351,47,316,84),
new Line(316,84,325,106),
new Line(325,106,434,109),
new Line(434,109,432,134),
new Line(432,134,427,159),
new Line(427,159,421,179),
new Line(421,179,411,197),
new Line(411,197,321,133),
new Line(321,133,301,140),
new Line(301,140,280,140),
new Line(280,140,308,35),
new Line(308,35,319,67),
new Line(319,67,328,35),
new Line(328,35,421,65),
new Line(421,65,427,87),
new Line(427,87,432,107),
new Line(432,107,434,129),
new Line(434,129,432,150),
new Line(432,150,425,171),
new Line(425,171,308,146),
0 623
0 19
0 18
18 19
19 623
19 25
25 623
25 29
29 623
29 32
32 623
32 34
34 623
34 39
39 623
39 47
39 42
42 47
42 45
45 47
47 623
47 91
47 61
61 91
61 77
77 91
91 623
91 116
116 623
116 130
130 623
130 133
133 623
133 160
133 148
148 160
160 623
160 167
167 623
167 173
173 623
173 179
179 623
179 187
179 186
186 187
187 623
187 194
187 191
191 194
194 623
194 214
194 207
207 214
214 623
214 229
229 623
229 232
232 623
232 251
251 623
251 264
264 623
264 276
276 623
276 300
276 283
283 300
283 297
297 300
300 623
300 316
316 623
316 339
339 623
339 342
342 623
342 361
361 623
361 375
375 623
375 389
389 623
389 391
391 623
391 392
392 623
392 421
392 414
392 413
413 414
414 421
421 623
421 433
421 425
425 433
425 429
429 433
433 623
433 481
433 449
449 481
449 466
466 481
481 623
481 486
486 623
486 487
487 623
487 488
488 623
488 510
510 623
510 518
510 515
515 518
518 623
518 548
518 542
542 548
548 623
548 573
573 623
573 581
581 623
581 583
583 623
583 587
587 623
587 588
588 623
588 598
598 623
598 602
602 623
602 604
604 623
new Line(100,44,135,51),
new Line(135,51,278,-39),
new Line(278,-39,314,31),
new Line(314,31,319,62),
new Line(319,62,382,140),
new Line(382,140,374,164),
new Line(374,164,359,202),
new Line(359,202,347,223),
new Line(347,223,333,243),
new Line(333,243,183,130),
new Line(183,130,164,139),
new Line(164,139,141,141),
new Line(141,141,111,58),
new Line(111,58,157,47),
new Line(157,47,220,37),
new Line(220,37,261,-13),
new Line(261,-13,309,25),
new Line(309,25,316,73),
new Line(316,73,317,97),
new Line(317,97,317,117),
new Line(317,117,422,181),
new Line(422,181,397,229),
new Line(397,229,372,219),
new Line(372,219,353,238),
new Line(353,238,252,140),
new Line(252,140,229,146),
new Line(229,146,270,37),
new Line(270,37,310,30),
new Line(310,30,301,57),
new Line(301,57,317,87),
new Line(317,87,318,108),
new Line(318,108,312,128),
new Line(312,128,297,144),
new Line(297,144,273,145),
new Line(273,145,237,54),
new Line(237,54,265,42),
new Line(265,42,315,34),
new Line(315,34,308,55),
new Line(308,55,319,84),
new Line(319,84,319,104),
new Line(319,104,311,124),
new Line(311,124,351,47),
new Line(351,47,316,84),
new Line(316,84,325,106),
new Line(325,106,434,109),
new Line(434,109,430,144),
new Line(430,144,426,164),
new Line(426,164,419,184),
new Line(419,184,321,133),
new Line(321,133,301,140),
new Line(301,140,280,140),
new Line(280,140,308,35),
new Line(308,35,319,67),
new Line(319,67,328,35),
new Line(328,35,421,65),
new Line(421,65,429,159),
new Line(429,159,423,180),
new Line(423,180,332,141),
new Line(332,141,311,146),
new Line(311,146,334,120),
new Line(334,120,314,49),
new Line(314,49,337,39),
new Line(337,39,323,-78),
new Line(323,-78,351,-82),
new Line(351,-82,358,33),
new Line(358,33,489,-30),
new Line(489,-30,509,-10),
new Line(509,-10,427,72),
new Line(427,72,439,124),
0 700
0 19
0 18
18 19
19 700
19 25
25 700
25 28
28 700
28 31
31 700
31 32
32 700
32 47
32 34
34 47
34 37
37 47
37 40
40 47
40 43
43 47
43 46
46 47
47 700
47 91
47 61
61 91
61 77
77 91
91 700
91 130
130 700
130 133
133 700
133 151
151 700
151 158
158 700
158 162
162 700
162 168
168 700
168 175
175 700
175 179
179 700
179 187
179 186
186 187
187 700
187 194
187 191
191 194
194 700
194 214
194 207
207 214
214 700
214 237
214 229
229 237
237 700
237 250
250 700
250 262
262 700
262 276
276 700
276 300
276 283
283 300
283 297
297 300
300 700
300 339
339 700
339 342
342 700
342 356
356 700
356 370
370 700
370 386
386 700
386 391
391 700
391 392
392 700
392 410
410 700
410 414
414 700
414 432
432 700
432 433
433 700
433 472
472 700
472 481
481 700
481 486
486 700
486 487
487 700
487 493
493 700
493 503
503 700
503 518
503 508
508 518
508 513
513 518
518 700
518 563
518 544
544 563
563 700
563 573
573 700
573 583
573 581
581 583
583 700
583 587
587 700
587 588
588 700
588 598
598 700
598 601
601 700
601 613
601 604
604 613
613 700
613 624
613 621
621 624
624 700
624 646
646 700
646 672
646 669
669 672
672 700
672 673
673 700
673 678
678 700
new Line(100,44,135,51),
new Line(135,51,278,-39),
new Line(278,-39,314,31),
new Line(314,31,319,54),
new Line(319,54,323,77),
new Line(323,77,382,140),
new Line(382,140,374,164),
new Line(374,164,366,187),
new Line(366,187,355,209),
new Line(355,209,343,230),
new Line(343,230,328,249),
new Line(328,249,183,130),
new Line(183,130,164,139),
new Line(164,139,141,141),
new Line(141,141,111,58),
new Line(111,58,220,37),
new Line(220,37,261,-13),
new Line(261,-13,316,35),
new Line(316,35,329,60),
new Line(329,60,316,80),
new Line(316,80,318,100),
new Line(318,100,316,123),
new Line(316,123,422,181),
new Line(422,181,397,229),
new Line(397,229,372,219),
new Line(372,219,353,238),
new Line(353,238,252,140),
new Line(252,140,229,146),
new Line(229,146,270,37),
new Line(270,37,310,30),
new Line(310,30,306,65),
new Line(306,65,316,85),
new Line(316,85,317,105),
new Line(317,105,312,128),
new Line(312,128,297,144),
new Line(297,144,273,145),
new Line(273,145,237,54),
new Line(237,54,315,34),
new Line(315,34,308,55),
new Line(308,55,317,76),
new Line(317,76,319,97),
new Line(319,97,313,120),
new Line(313,120,351,47),
new Line(351,47,316,84),
new Line(316,84,323,103),
new Line(323,103,434,109),
new Line(434,109,411,197),
new Line(411,197,321,133),
new Line(321,133,274,137),
new Line(274,137,308,35),
new Line(308,35,319,67),
new Line(319,67,328,35),
new Line(328,35,427,87),
new Line(427,87,434,129),
new Line(434,129,432,150),
new Line(432,150,425,171),
new Line(425,171,332,141),
new Line(332,141,309,146),
new Line(309,146,341,109),
new Line(341,109,314,49),
new Line(314,49,337,39),
new Line(337,39,323,-78),
new Line(323,-78,351,-82),
new Line(351,-82,358,33),
new Line(358,33,489,-30),
new Line(489,-30,504,-16),
new Line(504,-16,427,72),
new Line(427,72,435,97),
new Line(435,97,439,119),
new Line(439,119,337,65),
new Line(337,65,332,40),
new Line(332,40,358,29),
new Line(358,29,373,-74),
new Line(373,-74,407,-85),
new Line(407,-85,433,-74),
new Line(433,-74,434,65),
0 742
0 18
18 742
18 23
18 19
19 23
23 742
23 25
25 742
25 30
30 742
30 32
32 742
32 38
38 742
38 44
44 742
44 47
47 742
47 74
74 742
74 90
90 742
90 91
91 742
91 123
123 742
123 140
123 133
123 132
132 133
133 140
140 742
140 145
145 742
145 151
151 742
151 158
158 742
158 179
158 161
161 179
161 170
170 179
170 177
177 179
179 742
179 184
184 742
184 187
187 742
187 192
192 742
192 194
194 742
194 210
210 742
210 214
214 742
214 225
225 742
225 235
225 230
230 235
235 742
235 250
250 742
250 296
250 275
275 296
296 742
296 300
300 742
300 324
324 742
324 336
336 742
336 349
349 742
349 376
376 742
376 414
376 390
390 414
390 391
391 414
391 392
392 414
392 413
413 414
414 742
414 424
424 742
424 432
432 742
432 433
433 742
433 452
452 742
452 470
470 742
470 488
470 481
481 488
481 486
486 488
486 487
487 488
488 742
488 509
509 742
509 518
509 514
514 518
518 742
518 543
543 742
543 560
560 742
560 573
573 742
573 583
573 581
581 583
583 742
583 588
583 586
586 588
588 742
588 595
595 742
595 598
598 742
598 604
598 601
601 604
604 742
604 624
604 612
612 624
612 621
621 624
624 742
624 673
624 672
672 673
673 742
673 680
673 678
678 680
680 742
680 701
680 693
693 701
701 742
701 705
705 742
705 709
709 742
709 725
709 710
710 725
725 742
new Line(100,44,135,51),
new Line(135,51,278,-39),
new Line(278,-39,294,-12),
new Line(294,-12,314,31),
new Line(314,31,321,69),
new Line(321,69,382,140),
new Line(382,140,362,194),
new Line(362,194,338,236),
new Line(338,236,183,130),
new Line(183,130,145,141),
new Line(145,141,122,135),
new Line(122,135,111,58),
new Line(111,58,170,50),
new Line(170,50,224,37),
new Line(224,37,261,-13),
new Line(261,-13,285,3),
new Line(285,3,301,16),
new Line(301,16,316,35),
new Line(316,35,329,60),
new Line(329,60,316,77),
new Line(316,77,317,106),
new Line(317,106,315,130),
new Line(315,130,422,181),
new Line(422,181,405,216),
new Line(405,216,372,219),
new Line(372,219,348,242),
new Line(348,242,252,140),
new Line(252,140,225,147),
new Line(225,147,270,37),
new Line(270,37,294,40),
new Line(294,40,312,32),
new Line(312,32,304,62),
new Line(304,62,316,85),
new Line(316,85,313,127),
new Line(313,127,274,145),
new Line(274,145,237,54),
new Line(237,54,279,41),
new Line(279,41,302,44),
new Line(302,44,313,66),
new Line(313,66,319,105),
new Line(319,105,310,126),
new Line(310,126,351,47),
new Line(351,47,316,84),
new Line(316,84,325,106),
new Line(325,106,434,109),
new Line(434,109,427,159),
new Line(427,159,411,197),
new Line(411,197,321,133),
new Line(321,133,297,141),
new Line(297,141,276,138),
new Line(276,138,308,35),
new Line(308,35,319,67),
new Line(319,67,328,35),
new Line(328,35,421,65),
new Line(421,65,431,155),
new Line(431,155,423,175),
new Line(423,175,332,141),
new Line(332,141,310,146),
new Line(310,146,340,112),
new Line(340,112,314,49),
new Line(314,49,337,39),
new Line(337,39,323,-78),
new Line(323,-78,344,-80),
new Line(344,-80,358,33),
new Line(358,33,380,38),
new Line(380,38,489,-30),
new Line(489,-30,504,-16),
new Line(504,-16,427,72),
new Line(427,72,434,95),
new Line(434,95,439,119),
new Line(439,119,337,65),
new Line(337,65,373,-74),
new Line(373,-74,407,-85),
new Line(407,-85,433,-74),
new Line(433,-74,418,15),
new Line(418,15,433,47),
new Line(433,47,391,136),
new Line(391,136,371,137),
new Line(371,137,350,136),
new Line(350,136,369,34),
new Line(369,34,329,-69),
new Line(329,-69,372,-81),
0 780
0 16
16 780
16 21
21 780
21 24
24 780
24 25
25 780
25 32
32 780
32 36
36 780
36 41
41 780
41 45
45 780
45 47
47 780
47 70
70 780
70 86
86 780
86 91
91 780
91 120
120 780
120 130
130 780
130 138
138 780
138 144
144 780
144 151
151 780
151 179
151 160
160 179
160 169
169 179
169 176
176 179
179 780
179 183
183 780
183 187
187 780
187 191
191 780
191 194
194 780
194 208
208 780
208 224
208 214
214 224
224 780
224 231
231 780
231 283
283 780
283 295
295 780
295 300
300 780
300 318
318 780
318 330
330 780
330 339
339 780
339 391
339 342
342 391
342 355
355 391
355 371
371 391
391 780
391 392
392 780
392 414
392 413
413 414
414 780
414 421
421 780
421 427
427 780
427 433
427 431
431 433
433 780
433 449
449 780
449 466
466 780
466 484
484 780
484 488
484 486
486 488
486 487
487 488
488 780
488 500
500 780
500 509
509 780
509 516
516 780
516 518
518 780
518 541
541 780
541 546
546 780
546 585
546 573
573 585
573 581
581 585
585 780
585 588
588 780
588 596
596 780
596 598
598 780
598 604
598 601
601 604
604 780
604 622
622 780
622 624
624 780
624 664
664 780
664 672
672 780
672 680
672 673
673 680
673 678
678 680
680 780
680 696
696 780
696 701
701 780
701 706
706 780
706 710
710 780
710 728
728 780
728 743
728 737
737 743
743 780
743 764
764 780
new Line(100,44,131,50),
new Line(131,50,286,-25),
new Line(286,-25,298,-5),
new Line(298,-5,314,31),
new Line(314,31,382,140),
new Line(382,140,368,179),
new Line(368,179,351,216),
new Line(351,216,333,243),
new Line(333,243,183,130),
new Line(183,130,151,141),
new Line(151,141,128,138),
new Line(128,138,111,58),
new Line(111,58,164,49),
new Line(164,49,220,37),
new Line(220,37,279,-2),
new Line(279,-2,298,14),
new Line(298,14,316,35),
new Line(316,35,316,73),
new Line(316,73,317,103),
new Line(317,103,315,127),
new Line(315,127,422,181),
new Line(422,181,408,208),
new Line(408,208,372,219),
new Line(372,219,353,238),
new Line(353,238,252,140),
new Line(252,140,228,147),
new Line(228,147,270,37),
new Line(270,37,292,39),
new Line(292,39,315,33),
new Line(315,33,297,144),
new Line(297,144,276,145),
new Line(276,145,237,54),
new Line(237,54,268,41),
new Line(268,41,291,41),
new Line(291,41,315,34),
new Line(315,34,308,55),
new Line(308,55,316,75),
new Line(316,75,319,99),
new Line(319,99,351,47),
new Line(351,47,316,84),
new Line(316,84,325,106),
new Line(325,106,434,109),
new Line(434,109,430,144),
new Line(430,144,423,174),
new Line(423,174,414,193),
new Line(414,193,321,133),
new Line(321,133,301,140),
new Line(301,140,280,140),
new Line(280,140,318,35),
new Line(318,35,319,67),
new Line(319,67,328,35),
new Line(328,35,421,65),
new Line(421,65,433,116),
new Line(433,116,431,155),
new Line(431,155,421,184),
new Line(421,184,332,141),
new Line(332,141,311,146),
new Line(311,146,334,122),
new Line(334,122,314,49),
new Line(314,49,337,39),
new Line(337,39,337,-80),
new Line(337,-80,358,33),
new Line(358,33,383,39),
new Line(383,39,489,-30),
new Line(489,-30,504,-16),
new Line(504,-16,427,72),
new Line(427,72,439,121),
new Line(439,121,337,65),
new Line(337,65,352,32),
new Line(352,32,373,-74),
new Line(373,-74,407,-85),
new Line(407,-85,433,-74),
new Line(433,-74,418,15),
new Line(418,15,434,55),
new Line(434,55,391,136),
new Line(391,136,366,137),
new Line(366,137,369,34),
new Line(369,34,337,-72),
new Line(337,-72,359,-80),
new Line(359,-80,321,23),
new Line(321,23,274,-63),
new Line(274,-63,313,-75),
0 834
0 19
0 18
18 19
19 834
19 24
24 834
24 25
25 834
25 30
30 834
30 37
30 32
32 37
37 834
37 41
41 834
41 45
45 834
45 47
47 834
47 70
70 834
70 86
86 834
86 91
91 834
91 127
127 834
127 141
127 133
133 141
141 834
141 162
162 834
162 176
176 834
176 179
179 834
179 182
182 834
182 185
185 834
185 187
187 834
187 191
191 834
191 194
194 834
194 207
207 834
207 220
220 834
220 229
229 834
229 232
232 834
232 279
279 834
279 287
287 834
287 300
300 834
300 318
318 834
318 329
329 834
329 339
339 834
339 343
343 834
343 384
384 834
384 391
391 834
391 392
392 834
392 414
392 413
413 414
414 834
414 419
419 834
419 424
424 834
424 429
429 834
429 433
433 834
433 449
449 834
449 466
466 834
466 481
481 834
481 488
481 486
486 488
486 487
487 488
488 834
488 495
495 834
495 502
502 834
502 508
508 834
508 514
514 834
514 518
518 834
518 540
540 834
540 546
546 834
546 576
576 834
576 583
583 834
583 587
587 834
587 588
588 834
588 598
598 834
598 602
602 834
602 604
604 834
604 614
614 834
614 624
614 622
622 624
624 834
624 653
653 834
653 671
671 834
671 672
672 834
672 676
676 834
676 680
680 834
680 690
690 834
690 699
699 834
699 701
701 834
701 706
706 834
706 710
710 834
710 725
725 834
725 741
741 834
741 743
743 834
743 764
764 834
764 773
773 834
773 781
781 834
781 807
807 834
807 810
810 834
new Line(100,44,135,51),
new Line(135,51,278,-39),
new Line(278,-39,298,-5),
new Line(298,-5,314,31),
new Line(314,31,321,69),
new Line(321,69,382,140),
new Line(382,140,366,187),
new Line(366,187,351,216),
new Line(351,216,333,243),
new Line(333,243,183,130),
new Line(183,130,151,141),
new Line(151,141,128,138),
new Line(128,138,111,58),
new Line(111,58,178,52),
new Line(178,52,261,-13),
new Line(261,-13,288,6),
new Line(288,6,316,80),
new Line(316,80,315,127),
new Line(315,127,422,181),
new Line(422,181,412,202),
new Line(412,202,401,222),
new Line(401,222,372,219),
new Line(372,219,353,238),
new Line(353,238,252,140),
new Line(252,140,229,146),
new Line(229,146,283,38),
new Line(283,38,310,30),
new Line(310,30,301,57),
new Line(301,57,307,134),
new Line(307,134,289,143),
new Line(289,143,237,54),
new Line(237,54,268,41),
new Line(268,41,288,42),
new Line(288,42,315,34),
new Line(315,34,308,57),
new Line(308,57,314,117),
new Line(314,117,351,47),
new Line(351,47,316,84),
new Line(316,84,325,106),
new Line(325,106,434,109),
new Line(434,109,432,134),
new Line(432,134,427,159),
new Line(427,159,419,184),
new Line(419,184,321,133),
new Line(321,133,301,140),
new Line(301,140,280,140),
new Line(280,140,308,35),
new Line(308,35,319,67),
new Line(319,67,328,35),
new Line(328,35,421,65),
new Line(421,65,430,95),
new Line(430,95,434,124),
new Line(434,124,432,150),
new Line(432,150,423,175),
new Line(423,175,332,141),
new Line(332,141,312,146),
new Line(312,146,334,122),
new Line(334,122,323,45),
new Line(323,45,323,-78),
new Line(323,-78,351,-82),
new Line(351,-82,358,33),
new Line(358,33,489,-30),
new Line(489,-30,509,-10),
new Line(509,-10,427,72),
new Line(427,72,436,100),
new Line(436,100,439,121),
new Line(439,121,337,65),
new Line(337,65,341,37),
new Line(341,37,361,27),
new Line(361,27,373,-74),
new Line(373,-74,423,-79),
new Line(423,-79,418,15),
new Line(418,15,431,39),
new Line(431,39,434,63),
new Line(434,63,391,136),
new Line(391,136,366,137),
new Line(366,137,369,34),
new Line(369,34,329,-69),
new Line(329,-69,370,-81),
new Line(370,-81,321,23),
new Line(321,23,274,-63),
new Line(274,-63,295,-71),
new Line(295,-71,286,28),
new Line(286,28,265,28),
new Line(265,28,103,54),
new Line(103,54,275,-12),
0 898
0 13
13 898
13 19
19 898
19 24
24 898
24 25
25 898
25 30
30 898
30 34
34 898
34 37
37 898
37 40
40 898
40 43
43 898
43 46
46 898
46 47
47 898
47 63
63 898
63 78
78 898
78 91
91 898
91 111
111 898
111 123
123 898
123 130
130 898
130 133
133 898
133 160
133 148
148 160
160 898
160 171
171 898
171 179
171 178
178 179
179 898
179 182
182 898
182 185
185 898
185 187
187 898
187 191
191 898
191 194
194 898
194 206
206 898
206 214
214 898
214 226
226 898
226 231
231 898
231 232
232 898
232 266
266 898
266 280
280 898
280 290
290 898
290 318
290 300
300 318
318 898
318 331
331 898
331 339
339 898
339 342
342 898
342 372
372 898
372 389
389 898
389 391
391 898
391 392
392 898
392 414
392 413
413 414
414 898
414 419
419 898
419 424
424 898
424 429
429 898
429 433
433 898
433 449
449 898
449 468
468 898
468 481
481 898
481 488
481 486
486 488
486 487
487 488
488 898
488 495
495 898
495 502
502 898
502 508
508 898
508 514
514 898
514 518
518 898
518 542
542 898
542 546
546 898
546 573
573 898
573 580
580 898
580 583
583 898
583 588
583 586
586 588
588 898
588 598
598 898
598 603
603 898
603 604
604 898
604 615
615 898
615 624
624 898
624 651
651 898
651 670
670 898
670 672
672 898
672 680
672 673
673 680
673 678
678 680
680 898
680 692
692 898
692 701
701 898
701 707
707 898
707 710
710 898
710 725
725 898
725 743
725 734
734 743
743 898
743 764
764 898
764 781
764 772
772 781
781 898
781 810
810 898
810 811
811 898
811 835
835 898
835 861
861 898
861 872
872 898
872 879
879 898
879 886
886 898
new Line(100,44,125,47),
new Line(125,47,278,-39),
new Line(278,-39,298,-5),
new Line(298,-5,314,31),
new Line(314,31,321,69),
new Line(321,69,374,164),
new Line(374,164,366,187),
new Line(366,187,355,209),
new Line(355,209,343,230),
new Line(343,230,328,249),
new Line(328,249,183,130),
new Line(183,130,161,140),
new Line(161,140,139,140),
new Line(139,140,111,58),
new Line(111,58,148,48),
new Line(148,48,170,50),
new Line(170,50,220,37),
new Line(220,37,261,-13),
new Line(261,-13,309,25),
new Line(309,25,316,73),
new Line(316,73,317,110),
new Line(317,110,314,134),
new Line(314,134,422,181),
new Line(422,181,412,202),
new Line(412,202,401,222),
new Line(401,222,372,219),
new Line(372,219,353,238),
new Line(353,238,252,140),
new Line(252,140,231,146),
new Line(231,146,270,37),
new Line(270,37,296,42),
new Line(296,42,315,33),
new Line(315,33,301,57),
new Line(301,57,317,111),
new Line(317,111,304,138),
new Line(304,138,284,144),
new Line(284,144,237,54),
new Line(237,54,268,41),
new Line(268,41,292,42),
new Line(292,42,315,34),
new Line(315,34,308,55),
new Line(308,55,319,100),
new Line(319,100,311,124),
new Line(311,124,351,47),
new Line(351,47,316,84),
new Line(316,84,325,106),
new Line(325,106,434,109),
new Line(434,109,432,134),
new Line(432,134,427,159),
new Line(427,159,419,184),
new Line(419,184,321,133),
new Line(321,133,301,140),
new Line(301,140,278,139),
new Line(278,139,308,35),
new Line(308,35,319,67),
new Line(319,67,328,35),
new Line(328,35,421,65),
new Line(421,65,430,95),
new Line(430,95,434,124),
new Line(434,124,432,150),
new Line(432,150,423,175),
new Line(423,175,332,141),
new Line(332,141,311,146),
new Line(311,146,334,122),
new Line(334,122,314,49),
new Line(314,49,334,41),
new Line(334,41,323,-78),
new Line(323,-78,344,-80),
new Line(344,-80,358,33),
new Line(358,33,489,-30),
new Line(489,-30,513,-5),
new Line(513,-5,427,72),
new Line(427,72,436,102),
new Line(436,102,337,65),
new Line(337,65,338,38),
new Line(338,38,360,28),
new Line(360,28,373,-74),
new Line(373,-74,407,-85),
new Line(407,-85,433,-74),
new Line(433,-74,418,15),
new Line(418,15,431,44),
new Line(431,44,391,136),
new Line(391,136,361,136),
new Line(361,136,369,34),
new Line(369,34,329,-69),
new Line(329,-69,352,-78),
new Line(352,-78,321,23),
new Line(321,23,274,-63),
new Line(274,-63,293,-70),
new Line(293,-70,286,28),
new Line(286,28,103,54),
new Line(103,54,254,-7),
new Line(254,-7,237,39),
new Line(237,39,182,73),
new Line(182,73,166,51),
new Line(166,51,110,-32),
new Line(110,-32,126,-59),
new Line(126,-59,209,-64),
0 970
0 11
11 970
11 19
19 970
19 23
23 970
23 25
25 970
25 29
29 970
29 32
32 970
32 34
34 970
34 37
37 970
37 40
40 970
40 43
43 970
43 46
46 970
46 47
47 970
47 61
61 970
61 75
75 970
75 90
90 970
90 114
90 91
91 114
114 970
114 126
126 970
126 130
130 970
130 133
133 970
133 147
147 970
147 156
156 970
156 160
160 970
160 168
168 970
168 176
176 970
176 179
179 970
179 182
182 970
182 185
185 970
185 188
188 970
188 191
191 970
191 194
194 970
194 206
206 970
206 214
214 970
214 229
229 970
229 232
232 970
232 254
254 970
254 269
269 970
269 280
280 970
280 291
291 970
291 302
302 970
302 314
314 970
314 332
332 970
332 359
332 339
339 359
359 970
359 376
376 970
376 390
390 970
390 391
391 970
391 392
392 970
392 414
392 413
413 414
414 970
414 419
419 970
419 424
424 970
424 429
429 970
429 433
433 970
433 450
450 970
450 476
476 970
476 481
481 970
481 486
486 970
486 487
487 970
487 497
487 488
488 497
497 970
497 503
503 970
503 508
508 970
508 513
513 970
513 518
518 970
518 545
545 970
545 546
546 970
546 571
571 970
571 573
573 970
573 582
582 970
582 583
583 970
583 588
583 586
586 588
588 970
588 598
598 970
598 603
603 970
603 604
604 970
604 613
613 970
613 622
622 970
622 648
648 970
648 671
671 970
671 672
672 970
672 680
672 673
673 680
673 678
678 680
680 970
680 690
690 970
690 699
699 970
699 701
701 970
701 708
708 970
708 710
710 970
710 725
725 970
725 743
725 734
734 743
743 970
743 764
764 970
764 781
764 772
772 781
781 970
781 810
810 970
810 811
811 970
811 835
835 970
835 861
861 970
861 879
879 970
879 887
887 970
887 891
891 970
891 899
899 970
899 923
923 970
923 933
933 970
933 945
945 970
945 947
947 970
new Line(100,44,121,47),
new Line(121,47,278,-39),
new Line(278,-39,294,-12),
new Line(294,-12,314,31),
new Line(314,31,319,62),
new Line(319,62,382,140),
new Line(382,140,374,164),
new Line(374,164,366,187),
new Line(366,187,355,209),
new Line(355,209,343,230),
new Line(343,230,328,249),
new Line(328,249,183,130),
new Line(183,130,164,139),
new Line(164,139,144,141),
new Line(144,141,122,135),
new Line(122,135,111,58),
new Line(111,58,153,48),
new Line(153,48,175,52),
new Line(175,52,220,37),
new Line(220,37,261,-13),
new Line(261,-13,306,22),
new Line(306,22,326,53),
new Line(326,53,316,73),
new Line(316,73,318,100),
new Line(318,100,315,127),
new Line(315,127,422,181),
new Line(422,181,412,202),
new Line(412,202,401,222),
new Line(401,222,367,224),
new Line(367,224,353,238),
new Line(353,238,252,140),
new Line(252,140,231,146),
new Line(231,146,270,37),
new Line(270,37,310,30),
new Line(310,30,301,57),
new Line(301,57,317,92),
new Line(317,92,316,116),
new Line(316,116,304,138),
new Line(304,138,282,145),
new Line(282,145,240,52),
new Line(240,52,261,43),
new Line(261,43,294,42),
new Line(294,42,315,34),
new Line(315,34,319,81),
new Line(319,81,319,105),
new Line(319,105,310,126),
new Line(310,126,351,47),
new Line(351,47,316,84),
new Line(316,84,325,106),
new Line(325,106,434,109),
new Line(434,109,432,134),
new Line(432,134,427,159),
new Line(427,159,419,184),
new Line(419,184,321,133),
new Line(321,133,300,140),
new Line(300,140,269,135),
new Line(269,135,308,35),
new Line(308,35,319,67),
new Line(319,67,328,35),
new Line(328,35,421,65),
new Line(421,65,431,103),
new Line(431,103,434,129),
new Line(434,129,432,150),
new Line(432,150,425,171),
new Line(425,171,332,141),
new Line(332,141,308,146),
new Line(308,146,334,122),
new Line(334,122,344,104),
new Line(344,104,314,49),
new Line(314,49,340,38),
new Line(340,38,323,-78),
new Line(323,-78,344,-80),
new Line(344,-80,358,33),
new Line(358,33,489,-30),
new Line(489,-30,513,-5),
new Line(513,-5,427,72),
new Line(427,72,435,97),
new Line(435,97,439,121),
new Line(439,121,334,38),
new Line(334,38,361,27),
new Line(361,27,373,-74),
new Line(373,-74,407,-85),
new Line(407,-85,433,-74),
new Line(433,-74,418,15),
new Line(418,15,431,39),
new Line(431,39,434,63),
new Line(434,63,391,136),
new Line(391,136,356,136),
new Line(356,136,369,34),
new Line(369,34,329,-69),
new Line(329,-69,352,-78),
new Line(352,-78,321,23),
new Line(321,23,274,-63),
new Line(274,-63,293,-70),
new Line(293,-70,286,28),
new Line(286,28,103,54),
new Line(103,54,254,-7),
new Line(254,-7,237,39),
new Line(237,39,182,73),
new Line(182,73,110,-32),
new Line(110,-32,129,-63),
new Line(129,-63,188,-59),
new Line(188,-59,169,55),
new Line(169,55,124,99),
new Line(124,99,106,82),
new Line(106,82,93,55),
new Line(93,55,-81,77),
new Line(-81,77,142,-46),
0 1034
0 11
11 1034
11 19
19 1034
19 22
22 1034
22 25
25 1034
25 28
28 1034
28 31
31 1034
31 32
32 1034
32 34
34 1034
34 37
37 1034
37 40
40 1034
40 43
43 1034
43 46
46 1034
46 47
47 1034
47 61
61 1034
61 76
76 1034
76 109
76 90
90 109
90 91
91 109
109 1034
109 123
123 1034
123 130
130 1034
130 133
133 1034
133 141
141 1034
141 149
149 1034
149 156
156 1034
156 160
160 1034
160 167
167 1034
167 174
174 1034
174 182
174 179
179 182
182 1034
182 185
185 1034
185 188
188 1034
188 191
191 1034
191 206
206 1034
206 214
214 1034
214 239
214 229
229 239
239 1034
239 254
254 1034
254 268
268 1034
268 279
279 1034
279 289
289 1034
289 300
300 1034
300 315
315 1034
315 339
339 1034
339 342
342 1034
342 358
358 1034
358 373
373 1034
373 387
387 1034
387 391
391 1034
391 392
392 1034
392 414
392 413
413 414
414 1034
414 419
419 1034
419 424
424 1034
424 428
428 1034
428 432
432 1034
432 459
432 433
433 459
459 1034
459 481
459 476
476 481
481 1034
481 486
486 1034
486 487
487 1034
487 490
490 1034
490 496
496 1034
496 502
502 1034
502 507
507 1034
507 512
512 1034
512 517
517 1034
517 540
540 1034
540 546
546 1034
546 570
570 1034
570 573
573 1034
573 583
573 581
581 583
583 1034
583 588
583 586
586 588
588 1034
588 598
598 1034
598 602
602 1034
602 604
604 1034
604 612
612 1034
612 620
620 1034
620 632
632 1034
632 650
650 1034
650 672
672 1034
672 680
672 673
673 680
673 678
678 680
680 1034
680 689
689 1034
689 697
697 1034
697 701
701 1034
701 710
701 705
705 710
705 709
709 710
710 1034
710 725
725 1034
725 743
725 734
734 743
743 1034
743 764
764 1034
764 781
764 772
772 781
781 1034
781 810
810 1034
810 811
811 1034
811 835
835 1034
835 861
861 1034
861 879
879 1034
879 887
887 1034
887 891
891 1034
891 899
899 1034
899 923
923 1034
923 937
937 1034
937 947
937 946
946 947
947 1034
947 949
949 1034
949 956
956 1034
956 963
963 1034
963 971
963 970
970 971
971 1034
971 993
993 1034
993 996
996 1034
996 999
999 1034
999 1002
1002 1034
1002 1005
1005 1034
1005 1008
1008 1034
1008 1011
1011 1034
1011 1014
1014 1034
new Line(100,44,121,47),
new Line(121,47,278,-39),
new Line(278,-39,290,-19),
new Line(290,-19,314,31),
new Line(314,31,319,54),
new Line(319,54,323,77),
new Line(323,77,382,140),
new Line(382,140,374,164),
new Line(374,164,366,187),
new Line(366,187,355,209),
new Line(355,209,343,230),
new Line(343,230,328,249),
new Line(328,249,183,130),
new Line(183,130,164,139),
new Line(164,139,142,141),
new Line(142,141,122,135),
new Line(122,135,111,58),
new Line(111,58,144,47),
new Line(144,47,170,50),
new Line(170,50,220,37),
new Line(220,37,261,-13),
new Line(261,-13,288,6),
new Line(288,6,312,28),
new Line(312,28,326,53),
new Line(326,53,316,73),
new Line(316,73,317,97),
new Line(317,97,316,120),
new Line(316,120,422,181),
new Line(422,181,412,202),
new Line(412,202,401,222),
new Line(401,222,367,224),
new Line(367,224,353,238),
new Line(353,238,231,146),
new Line(231,146,270,37),
new Line(270,37,310,30),
new Line(310,30,309,68),
new Line(309,68,317,92),
new Line(317,92,316,115),
new Line(316,115,307,134),
new Line(307,134,286,144),
new Line(286,144,237,54),
new Line(237,54,263,42),
new Line(263,42,315,34),
new Line(315,34,308,55),
new Line(308,55,318,79),
new Line(318,79,319,101),
new Line(319,101,312,121),
new Line(312,121,351,47),
new Line(351,47,316,84),
new Line(316,84,325,106),
new Line(325,106,434,109),
new Line(434,109,432,134),
new Line(432,134,427,159),
new Line(427,159,421,179),
new Line(421,179,411,197),
new Line(411,197,321,133),
new Line(321,133,289,141),
new Line(289,141,269,135),
new Line(269,135,308,35),
new Line(308,35,319,67),
new Line(319,67,328,35),
new Line(328,35,423,74),
new Line(423,74,431,99),
new Line(431,99,434,124),
new Line(434,124,432,146),
new Line(432,146,427,167),
new Line(427,167,420,189),
new Line(420,189,312,146),
new Line(312,146,334,122),
new Line(334,122,344,104),
new Line(344,104,314,49),
new Line(314,49,337,39),
new Line(337,39,323,-78),
new Line(323,-78,344,-80),
new Line(344,-80,358,33),
new Line(358,33,489,-30),
new Line(489,-30,509,-10),
new Line(509,-10,427,72),
new Line(427,72,434,95),
new Line(434,95,439,116),
new Line(439,116,338,59),
new Line(338,59,337,38),
new Line(337,38,373,-74),
new Line(373,-74,407,-85),
new Line(407,-85,433,-74),
new Line(433,-74,418,15),
new Line(418,15,430,36),
new Line(430,36,434,57),
new Line(434,57,391,136),
new Line(391,136,371,137),
new Line(371,137,350,136),
new Line(350,136,369,34),
new Line(369,34,329,-69),
new Line(329,-69,352,-78),
new Line(352,-78,321,23),
new Line(321,23,274,-63),
new Line(274,-63,293,-70),
new Line(293,-70,286,28),
new Line(286,28,103,54),
new Line(103,54,254,-7),
new Line(254,-7,237,39),
new Line(237,39,182,73),
new Line(182,73,110,-32),
new Line(110,-32,129,-63),
new Line(129,-63,188,-59),
new Line(188,-59,169,55),
new Line(169,55,124,99),
new Line(124,99,100,74),
new Line(100,74,93,52),
new Line(93,52,-81,77),
new Line(-81,77,84,-15),
new Line(84,-15,103,-28),
new Line(103,-28,122,-39),
new Line(122,-39,142,-46),
new Line(142,-46,130,65),
new Line(130,65,-46,169),
new Line(-46,169,-57,149),
new Line(-57,149,-67,130),
new Line(-67,130,-73,109),
new Line(-73,109,-79,88),
new Line(-79,88,-82,67),
new Line(-82,67,-83,45),
new Line(-83,45,-83,23),
new Line(-83,23,113,0),
0 1075
0 12
12 1075
12 19
19 1075
19 22
22 1075
22 25
25 1075
25 28
28 1075
28 31
31 1075
31 32
32 1075
32 34
34 1075
34 37
37 1075
37 40
40 1075
40 43
43 1075
43 46
46 1075
46 47
47 1075
47 61
61 1075
61 76
76 1075
76 100
100 1075
100 112
112 1075
112 130
130 1075
130 133
133 1075
133 143
143 1075
143 152
152 1075
152 159
159 1075
159 163
163 1075
163 170
170 1075
170 177
177 1075
177 184
177 179
179 184
184 1075
184 187
187 1075
187 190
190 1075
190 193
193 1075
193 214
193 194
194 214
194 207
207 214
214 1075
214 243
214 229
229 243
243 1075
243 258
258 1075
258 271
271 1075
271 280
280 1075
280 293
293 1075
293 300
300 1075
300 314
314 1075
314 339
339 1075
339 342
342 1075
342 359
359 1075
359 374
374 1075
374 387
387 1075
387 391
391 1075
391 392
392 1075
392 414
392 413
413 414
414 1075
414 419
419 1075
419 424
424 1075
424 428
428 1075
428 432
432 1075
432 457
457 1075
457 481
457 474
474 481
481 1075
481 486
486 1075
486 487
487 1075
487 492
492 1075
492 498
498 1075
498 504
504 1075
504 509
509 1075
509 514
514 1075
514 522
522 1075
522 546
546 1075
546 570
570 1075
570 573
573 1075
573 583
573 581
581 583
583 1075
583 588
583 586
586 588
588 1075
588 598
598 1075
598 602
602 1075
602 604
604 1075
604 613
613 1075
613 622
622 1075
622 633
633 1075
633 653
653 1075
653 672
672 1075
672 680
672 673
673 680
673 678
678 680
680 1075
680 690
690 1075
690 698
698 1075
698 701
701 1075
701 710
701 705
705 710
705 709
709 710
710 1075
710 725
725 1075
725 743
725 734
734 743
743 1075
743 764
764 1075
764 781
764 772
772 781
781 1075
781 810
810 1075
810 811
811 1075
811 835
835 1075
835 861
861 1075
861 879
879 1075
879 885
885 1075
885 891
891 1075
891 899
899 1075
899 923
923 1075
923 947
923 936
936 947
936 945
945 947
947 1075
947 964
964 1075
964 971
971 1075
971 993
993 1075
993 997
997 1075
997 1001
1001 1075
1001 1005
1005 1075
1005 1009
1009 1075
1009 1013
1013 1075
1013 1015
1015 1075
1015 1026
1026 1075
1026 1035
1035 1075
1035 1060
1060 1075
1060 1061
1061 1075
new Line(100,44,123,48),
new Line(123,48,278,-39),
new Line(278,-39,290,-19),
new Line(290,-19,314,31),
new Line(314,31,319,54),
new Line(319,54,323,77),
new Line(323,77,382,140),
new Line(382,140,374,164),
new Line(374,164,366,187),
new Line(366,187,355,209),
new Line(355,209,343,230),
new Line(343,230,328,249),
new Line(328,249,183,130),
new Line(183,130,164,139),
new Line(164,139,142,141),
new Line(142,141,127,50),
new Line(127,50,149,47),
new Line(149,47,220,37),
new Line(220,37,261,-13),
new Line(261,-13,295,11),
new Line(295,11,319,38),
new Line(319,38,331,64),
new Line(331,64,317,83),
new Line(317,83,317,106),
new Line(317,106,315,130),
new Line(315,130,422,181),
new Line(422,181,405,216),
new Line(405,216,372,219),
new Line(372,219,358,233),
new Line(358,233,343,247),
new Line(343,247,252,140),
new Line(252,140,229,146),
new Line(229,146,270,37),
new Line(270,37,310,30),
new Line(310,30,312,74),
new Line(312,74,317,99),
new Line(317,99,315,120),
new Line(315,120,304,138),
new Line(304,138,279,145),
new Line(279,145,237,54),
new Line(237,54,261,43),
new Line(261,43,315,34),
new Line(315,34,308,55),
new Line(308,55,319,81),
new Line(319,81,319,102),
new Line(319,102,312,121),
new Line(312,121,351,47),
new Line(351,47,316,84),
new Line(316,84,325,106),
new Line(325,106,434,109),
new Line(434,109,432,134),
new Line(432,134,427,159),
new Line(427,159,421,179),
new Line(421,179,411,197),
new Line(411,197,291,141),
new Line(291,141,271,137),
new Line(271,137,308,35),
new Line(308,35,319,67),
new Line(319,67,328,35),
new Line(328,35,426,82),
new Line(426,82,432,107),
new Line(432,107,434,133),
new Line(434,133,431,155),
new Line(431,155,423,175),
new Line(423,175,326,142),
new Line(326,142,334,122),
new Line(334,122,344,104),
new Line(344,104,314,49),
new Line(314,49,337,39),
new Line(337,39,323,-78),
new Line(323,-78,344,-80),
new Line(344,-80,358,33),
new Line(358,33,489,-30),
new Line(489,-30,509,-10),
new Line(509,-10,427,72),
new Line(427,72,435,97),
new Line(435,97,439,121),
new Line(439,121,338,59),
new Line(338,59,341,37),
new Line(341,37,373,-74),
new Line(373,-74,407,-85),
new Line(407,-85,433,-74),
new Line(433,-74,418,15),
new Line(418,15,431,39),
new Line(431,39,434,60),
new Line(434,60,391,136),
new Line(391,136,371,137),
new Line(371,137,350,136),
new Line(350,136,369,34),
new Line(369,34,329,-69),
new Line(329,-69,352,-78),
new Line(352,-78,321,23),
new Line(321,23,274,-63),
new Line(274,-63,293,-70),
new Line(293,-70,286,28),
new Line(286,28,103,54),
new Line(103,54,254,-7),
new Line(254,-7,237,39),
new Line(237,39,182,73),
new Line(182,73,110,-32),
new Line(110,-32,125,-55),
new Line(125,-55,188,-59),
new Line(188,-59,169,55),
new Line(169,55,124,99),
new Line(124,99,102,76),
new Line(102,76,93,55),
new Line(93,55,-81,77),
new Line(-81,77,125,-39),
new Line(125,-39,130,65),
new Line(130,65,-46,169),
new Line(-46,169,-60,143),
new Line(-60,143,-71,116),
new Line(-71,116,-79,88),
new Line(-79,88,-83,60),
new Line(-83,60,-84,30),
new Line(-84,30,81,14),
new Line(81,14,100,5),
new Line(100,5,101,73),
new Line(101,73,10,137),
new Line(10,137,34,-12),
new Line(34,-12,75,-30),
