0 21
0 3
3 21
new Line(241,246,131,142),
new Line(131,142,100,148),
0 43
0 1
1 43
1 3
3 43
new Line(241,246,160,167),
new Line(160,167,131,142),
new Line(131,142,180,145),
0 86
0 1
1 86
1 3
3 86
3 22
22 86
22 44
22 34
34 44
44 86
44 48
48 86
48 51
51 86
51 58
58 86
new Line(241,246,160,167),
new Line(160,167,131,142),
new Line(131,142,214,137),
new Line(214,137,194,143),
new Line(194,143,170,-98),
new Line(170,-98,198,-102),
new Line(198,-102,219,8),
new Line(219,8,274,-34),
new Line(274,-34,360,71),
0 140
0 1
1 140
1 3
3 140
3 44
3 16
16 44
16 22
22 44
22 34
34 44
44 140
44 47
47 140
47 50
50 140
50 51
51 140
51 58
58 140
58 63
63 140
63 68
68 140
68 73
73 140
73 78
78 140
78 83
83 140
83 87
87 140
87 93
93 140
93 99
99 140
99 105
105 140
105 111
111 140
111 114
114 140
new Line(241,246,160,167),
new Line(160,167,131,142),
new Line(131,142,108,148),
new Line(108,148,214,137),
new Line(214,137,194,143),
new Line(194,143,170,-98),
new Line(170,-98,191,-102),
new Line(191,-102,212,-103),
new Line(212,-103,219,8),
new Line(219,8,274,-34),
new Line(274,-34,295,-21),
new Line(295,-21,315,-5),
new Line(315,-5,331,13),
new Line(331,13,345,34),
new Line(345,34,356,56),
new Line(356,56,280,2),
new Line(280,2,300,4),
new Line(300,4,321,7),
new Line(321,7,345,11),
new Line(345,11,363,26),
new Line(363,26,313,126),
new Line(313,126,280,138),
0 184
0 1
1 184
1 3
3 184
3 44
3 16
16 44
16 22
22 44
22 34
34 44
44 184
44 49
49 184
49 51
51 184
51 58
58 184
58 78
78 184
78 84
84 184
84 87
87 184
87 114
87 94
94 114
94 100
100 114
100 106
106 114
106 112
112 114
114 184
114 141
114 135
135 141
141 184
141 178
178 184
178 180
180 184
180 181
181 184
new Line(241,246,160,167),
new Line(160,167,131,142),
new Line(131,142,108,148),
new Line(108,148,214,137),
new Line(214,137,194,143),
new Line(194,143,170,-98),
new Line(170,-98,205,-103),
new Line(205,-103,219,8),
new Line(219,8,274,-34),
new Line(274,-34,345,34),
new Line(345,34,357,61),
new Line(357,61,280,2),
new Line(280,2,303,4),
new Line(303,4,327,3),
new Line(327,3,348,13),
new Line(348,13,365,29),
new Line(365,29,313,126),
new Line(313,126,286,137),
new Line(286,137,332,88),
new Line(332,88,410,42),
new Line(410,42,491,70),
new Line(491,70,375,96),
new Line(375,96,481,91),
0 212
0 1
1 212
1 3
3 212
3 44
3 16
16 44
16 22
22 44
22 34
34 44
44 212
44 49
49 212
49 51
51 212
51 58
58 212
58 77
77 212
77 84
84 212
84 87
87 212
87 114
87 94
94 114
94 100
100 114
100 106
106 114
106 112
112 114
114 212
114 141
114 135
135 141
141 212
141 178
178 212
178 181
178 180
180 181
181 212
181 185
181 183
183 185
183 184
184 185
185 212
185 191
191 212
191 196
196 212
196 198
198 212
198 200
200 212
200 203
203 212
203 204
204 212
204 205
205 212
205 207
207 212
new Line(241,246,160,167),
new Line(160,167,131,142),
new Line(131,142,108,148),
new Line(108,148,214,137),
new Line(214,137,194,143),
new Line(194,143,170,-98),
new Line(170,-98,205,-103),
new Line(205,-103,219,8),
new Line(219,8,274,-34),
new Line(274,-34,342,29),
new Line(342,29,357,61),
new Line(357,61,280,2),
new Line(280,2,303,4),
new Line(303,4,327,3),
new Line(327,3,348,13),
new Line(348,13,365,29),
new Line(365,29,313,126),
new Line(313,126,286,137),
new Line(286,137,332,88),
new Line(332,88,410,42),
new Line(410,42,491,70),
new Line(491,70,375,96),
new Line(375,96,401,95),
new Line(401,95,481,91),
new Line(481,91,337,28),
new Line(337,28,356,12),
new Line(356,12,378,-6),
new Line(378,-6,458,-101),
new Line(458,-101,448,14),
new Line(448,14,502,-100),
new Line(502,-100,573,-83),
new Line(573,-83,560,68),
new Line(560,68,459,95),
new Line(459,95,509,100),
0 291
0 1
1 291
1 3
3 291
3 44
3 16
16 44
16 22
22 44
22 34
34 44
44 291
44 50
50 291
50 51
51 291
51 58
58 291
58 71
71 291
71 78
78 291
78 83
83 291
83 87
87 291
87 114
87 94
94 114
94 100
100 114
100 106
106 114
106 112
112 114
114 291
114 141
114 135
135 141
141 291
141 178
178 291
178 181
178 180
180 181
181 291
181 185
181 183
183 185
183 184
184 185
185 291
185 192
192 291
192 196
196 291
196 198
198 291
198 200
200 291
200 203
203 291
203 204
204 291
204 206
206 291
206 213
206 207
207 213
207 208
208 213
208 209
209 213
209 210
210 213
213 291
213 228
228 291
228 233
233 291
233 235
235 291
235 237
237 291
237 238
238 291
238 245
245 291
245 246
246 291
246 247
247 291
247 248
248 291
248 270
270 291
new Line(241,246,160,167),
new Line(160,167,131,142),
new Line(131,142,108,148),
new Line(108,148,214,137),
new Line(214,137,194,143),
new Line(194,143,170,-98),
new Line(170,-98,212,-103),
new Line(212,-103,219,8),
new Line(219,8,274,-34),
new Line(274,-34,325,5),
new Line(325,5,345,34),
new Line(345,34,356,56),
new Line(356,56,280,2),
new Line(280,2,303,4),
new Line(303,4,327,3),
new Line(327,3,348,13),
new Line(348,13,365,29),
new Line(365,29,313,126),
new Line(313,126,286,137),
new Line(286,137,332,88),
new Line(332,88,410,42),
new Line(410,42,491,70),
new Line(491,70,375,96),
new Line(375,96,401,95),
new Line(401,95,481,91),
new Line(481,91,337,28),
new Line(337,28,359,10),
new Line(359,10,378,-6),
new Line(378,-6,458,-101),
new Line(458,-101,448,14),
new Line(448,14,502,-100),
new Line(502,-100,573,-83),
new Line(573,-83,540,77),
new Line(540,77,459,95),
new Line(459,95,515,89),
new Line(515,89,459,97),
new Line(459,97,541,93),
new Line(541,93,458,71),
new Line(458,71,463,49),
new Line(463,49,345,-59),
new Line(345,-59,483,46),
new Line(483,46,435,-40),
new Line(435,-40,485,43),
new Line(485,43,471,-65),
new Line(471,-65,494,42),
new Line(494,42,476,-98),
new Line(476,-98,496,41),
new Line(496,41,549,23),
new Line(549,23,575,70),
0 369
0 1
1 369
1 3
3 369
3 44
3 16
16 44
16 22
22 44
22 34
34 44
44 369
44 51
44 47
47 51
47 50
50 51
51 369
51 58
58 369
58 68
68 369
68 75
75 369
75 80
80 369
80 85
85 369
85 87
87 369
87 112
112 369
112 114
114 369
114 141
114 135
135 141
141 369
141 178
178 369
178 180
180 369
180 181
181 369
181 184
184 369
184 185
185 369
185 193
193 369
193 198
198 369
198 200
200 369
200 203
203 369
203 204
204 369
204 206
206 369
206 207
207 369
207 208
208 369
208 209
209 369
209 210
210 369
210 211
211 369
211 213
213 369
213 232
232 369
232 233
233 369
233 235
235 369
235 237
237 369
237 238
238 369
238 245
245 369
245 246
246 369
246 247
247 369
247 248
248 369
248 280
280 369
280 292
280 289
289 292
292 369
292 313
313 369
313 319
319 369
319 325
325 369
325 331
331 369
331 337
337 369
337 343
343 369
343 348
348 369
348 350
350 369
350 352
352 369
352 353
353 369
353 354
354 369
354 355
355 369
355 356
356 369
356 358
358 369
new Line(241,246,160,167),
new Line(160,167,131,142),
new Line(131,142,108,148),
new Line(108,148,214,137),
new Line(214,137,194,143),
new Line(194,143,170,-98),
new Line(170,-98,191,-102),
new Line(191,-102,212,-103),
new Line(212,-103,219,8),
new Line(219,8,274,-34),
new Line(274,-34,315,-5),
new Line(315,-5,337,21),
new Line(337,21,349,43),
new Line(349,43,358,66),
new Line(358,66,280,2),
new Line(280,2,365,29),
new Line(365,29,313,126),
new Line(313,126,286,137),
new Line(286,137,332,88),
new Line(332,88,410,42),
new Line(410,42,491,70),
new Line(491,70,375,96),
new Line(375,96,481,91),
new Line(481,91,337,28),
new Line(337,28,362,7),
new Line(362,7,458,-101),
new Line(458,-101,448,14),
new Line(448,14,502,-100),
new Line(502,-100,573,-83),
new Line(573,-83,540,77),
new Line(540,77,459,95),
new Line(459,95,515,89),
new Line(515,89,459,97),
new Line(459,97,541,93),
new Line(541,93,500,98),
new Line(500,98,458,71),
new Line(458,71,463,42),
new Line(463,42,345,-59),
new Line(345,-59,483,46),
new Line(483,46,435,-40),
new Line(435,-40,485,43),
new Line(485,43,471,-65),
new Line(471,-65,494,42),
new Line(494,42,476,-98),
new Line(476,-98,496,41),
new Line(496,41,571,42),
new Line(571,42,574,65),
new Line(574,65,489,20),
new Line(489,20,427,-86),
new Line(427,-86,453,-95),
new Line(453,-95,478,-103),
new Line(478,-103,504,-103),
new Line(504,-103,530,-101),
new Line(530,-101,564,-112),
new Line(564,-112,586,-99),
new Line(586,-99,518,-2),
new Line(518,-2,551,-33),
new Line(551,-33,606,-82),
new Line(606,-82,526,-4),
new Line(526,-4,614,-75),
new Line(614,-75,537,-9),
new Line(537,-9,570,-8),
new Line(570,-8,573,20),
0 460
0 1
1 460
1 3
3 460
3 22
22 460
22 44
22 34
34 44
44 460
44 51
44 47
47 51
47 50
50 51
51 460
51 58
58 460
58 66
66 460
66 72
72 460
72 77
77 460
77 82
82 460
82 87
87 460
87 106
106 460
106 113
113 460
113 114
114 460
114 141
114 135
135 141
141 460
141 180
141 178
178 180
180 460
180 181
181 460
181 184
184 460
184 185
185 460
185 196
196 460
196 198
198 460
198 200
200 460
200 203
203 460
203 204
204 460
204 207
204 205
205 207
207 460
207 208
208 460
208 209
209 460
209 210
210 460
210 211
211 460
211 213
213 460
213 233
213 230
230 233
233 460
233 234
234 460
234 235
235 460
235 237
237 460
237 238
238 460
238 245
245 460
245 246
246 460
246 247
247 460
247 248
248 460
248 267
267 460
267 273
273 460
273 280
280 460
280 292
280 289
289 292
292 460
292 313
313 460
313 321
321 460
321 329
329 460
329 337
337 460
337 343
343 460
343 348
348 460
348 350
350 460
350 358
350 352
352 358
352 353
353 358
353 354
354 358
354 355
355 358
355 356
356 358
358 460
358 370
358 366
366 370
370 460
370 376
370 371
371 376
376 460
376 381
376 377
377 381
381 460
381 388
381 382
382 388
382 383
383 388
388 460
388 389
389 460
389 394
394 460
394 406
394 395
395 406
406 460
406 420
420 460
420 434
434 460
new Line(241,246,160,167),
new Line(160,167,131,142),
new Line(131,142,214,137),
new Line(214,137,194,143),
new Line(194,143,170,-98),
new Line(170,-98,191,-102),
new Line(191,-102,212,-103),
new Line(212,-103,219,8),
new Line(219,8,274,-34),
new Line(274,-34,307,-11),
new Line(307,-11,328,9),
new Line(328,9,342,29),
new Line(342,29,354,52),
new Line(354,52,280,2),
new Line(280,2,348,13),
new Line(348,13,368,32),
new Line(368,32,313,126),
new Line(313,126,286,137),
new Line(286,137,332,88),
new Line(332,88,410,42),
new Line(410,42,491,70),
new Line(491,70,375,96),
new Line(375,96,481,91),
new Line(481,91,337,28),
new Line(337,28,378,-6),
new Line(378,-6,458,-101),
new Line(458,-101,448,14),
new Line(448,14,502,-100),
new Line(502,-100,573,-83),
new Line(573,-83,560,68),
new Line(560,68,459,95),
new Line(459,95,515,89),
new Line(515,89,459,97),
new Line(459,97,541,93),
new Line(541,93,500,98),
new Line(500,98,458,71),
new Line(458,71,465,47),
new Line(465,47,345,-59),
new Line(345,-59,444,-6),
new Line(444,-6,483,46),
new Line(483,46,435,-40),
new Line(435,-40,485,43),
new Line(485,43,471,-65),
new Line(471,-65,494,42),
new Line(494,42,476,-98),
new Line(476,-98,496,41),
new Line(496,41,521,45),
new Line(521,45,553,29),
new Line(553,29,571,42),
new Line(571,42,574,65),
new Line(574,65,489,20),
new Line(489,20,427,-86),
new Line(427,-86,461,-98),
new Line(461,-98,495,-103),
new Line(495,-103,530,-101),
new Line(530,-101,564,-112),
new Line(564,-112,586,-99),
new Line(586,-99,518,-2),
new Line(518,-2,551,-33),
new Line(551,-33,606,-82),
new Line(606,-82,526,-4),
new Line(526,-4,614,-75),
new Line(614,-75,537,-9),
new Line(537,-9,570,-8),
new Line(570,-8,572,13),
new Line(572,13,326,-39),
new Line(326,-39,473,-40),
new Line(473,-40,389,-63),
new Line(389,-63,453,-51),
new Line(453,-51,339,-104),
new Line(339,-104,412,-79),
new Line(412,-79,457,-60),
new Line(457,-60,358,-142),
new Line(358,-142,464,-67),
new Line(464,-67,453,-92),
new Line(453,-92,473,-72),
new Line(473,-72,479,-102),
new Line(479,-102,511,-104),
new Line(511,-104,560,-117),
new Line(560,-117,569,-40),
0 551
0 1
1 551
1 3
3 551
3 22
22 551
22 44
22 34
34 44
44 551
44 51
44 47
47 51
47 50
50 51
51 551
51 66
51 58
58 66
66 551
66 71
71 551
71 76
76 551
76 81
81 551
81 86
86 551
86 87
87 551
87 97
97 551
97 105
105 551
105 111
111 551
111 171
111 114
114 171
171 551
171 178
178 551
178 180
180 551
180 181
181 551
181 183
183 551
183 184
184 551
184 185
185 551
185 200
185 195
195 200
195 198
198 200
200 551
200 203
203 551
203 205
203 204
204 205
205 551
205 206
206 551
206 207
207 551
207 208
208 551
208 209
209 551
209 210
210 551
210 211
211 551
211 213
213 551
213 233
213 230
230 233
233 551
233 234
234 551
234 235
235 551
235 237
237 551
237 238
238 551
238 247
247 551
247 248
248 551
248 267
267 551
267 270
270 551
270 292
270 281
281 292
281 290
290 292
292 551
292 313
313 551
313 325
325 551
325 343
343 551
343 350
343 347
347 350
350 551
350 352
352 551
352 353
353 551
353 354
354 551
354 355
355 551
355 356
356 551
356 358
358 551
358 369
369 551
369 370
370 551
370 371
371 551
371 376
376 551
376 377
377 551
377 381
381 551
381 382
382 551
382 383
383 551
383 386
386 551
386 388
388 551
388 389
389 551
389 404
389 390
390 404
390 395
395 404
404 551
404 434
434 551
434 436
436 551
436 447
436 437
437 447
447 551
447 457
457 551
457 461
461 551
461 469
469 551
469 474
469 470
470 474
474 551
474 479
479 551
479 484
484 551
484 489
489 551
489 494
494 551
494 499
499 551
499 504
504 551
504 509
509 551
509 516
509 514
509 511
511 514
514 516
516 551
516 524
524 551
524 526
526 551
526 528
528 551
new Line(241,246,160,167),
new Line(160,167,131,142),
new Line(131,142,214,137),
new Line(214,137,194,143),
new Line(194,143,170,-98),
new Line(170,-98,191,-102),
new Line(191,-102,212,-103),
new Line(212,-103,219,8),
new Line(219,8,274,-34),
new Line(274,-34,307,-11),
new Line(307,-11,325,5),
new Line(325,5,340,25),
new Line(340,25,351,47),
new Line(351,47,360,71),
new Line(360,71,280,2),
new Line(280,2,314,7),
new Line(314,7,345,11),
new Line(345,11,363,26),
new Line(363,26,313,126),
new Line(313,126,352,80),
new Line(352,80,410,42),
new Line(410,42,491,70),
new Line(491,70,375,96),
new Line(375,96,401,95),
new Line(401,95,481,91),
new Line(481,91,337,28),
new Line(337,28,368,2),
new Line(368,2,458,-101),
new Line(458,-101,448,14),
new Line(448,14,502,-100),
new Line(502,-100,573,-83),
new Line(573,-83,560,68),
new Line(560,68,540,77),
new Line(540,77,459,95),
new Line(459,95,515,89),
new Line(515,89,459,97),
new Line(459,97,541,93),
new Line(541,93,500,98),
new Line(500,98,458,71),
new Line(458,71,465,47),
new Line(465,47,345,-59),
new Line(345,-59,444,-6),
new Line(444,-6,483,46),
new Line(483,46,435,-40),
new Line(435,-40,485,43),
new Line(485,43,476,-98),
new Line(476,-98,496,41),
new Line(496,41,521,45),
new Line(521,45,549,23),
new Line(549,23,571,45),
new Line(571,45,574,68),
new Line(574,68,489,20),
new Line(489,20,427,-86),
new Line(427,-86,478,-103),
new Line(478,-103,564,-112),
new Line(564,-112,582,-102),
new Line(582,-102,518,-2),
new Line(518,-2,551,-33),
new Line(551,-33,606,-82),
new Line(606,-82,526,-4),
new Line(526,-4,614,-75),
new Line(614,-75,537,-9),
new Line(537,-9,570,-8),
new Line(570,-8,573,20),
new Line(573,20,326,-39),
new Line(326,-39,473,-40),
new Line(473,-40,389,-63),
new Line(389,-63,453,-51),
new Line(453,-51,339,-104),
new Line(339,-104,412,-79),
new Line(412,-79,457,-60),
new Line(457,-60,419,-90),
new Line(419,-90,358,-142),
new Line(358,-142,464,-67),
new Line(464,-67,441,-88),
new Line(441,-88,473,-72),
new Line(473,-72,475,-101),
new Line(475,-101,560,-117),
new Line(560,-117,548,-94),
new Line(548,-94,568,-110),
new Line(568,-110,564,-71),
new Line(564,-71,569,-47),
new Line(569,-47,450,9),
new Line(450,9,414,85),
new Line(414,85,432,15),
new Line(432,15,393,77),
new Line(393,77,373,66),
new Line(373,66,356,51),
new Line(356,51,343,33),
new Line(343,33,332,13),
new Line(332,13,310,-5),
new Line(310,-5,307,-30),
new Line(307,-30,307,-54),
new Line(307,-54,359,-55),
new Line(359,-55,325,-75),
new Line(325,-75,405,-56),
new Line(405,-56,385,-87),
new Line(385,-87,352,-121),
new Line(352,-121,395,-92),
new Line(395,-92,450,-107),
0 634
0 1
1 634
1 3
3 634
3 22
22 634
22 39
39 634
39 44
44 634
44 50
50 634
50 51
51 634
51 67
51 58
58 67
67 634
67 72
72 634
72 86
86 634
86 87
87 634
87 95
95 634
95 101
101 634
101 109
109 634
109 114
114 634
114 130
130 634
130 141
141 634
141 171
171 634
171 178
178 634
178 180
180 634
180 181
181 634
181 183
183 634
183 184
184 634
184 185
185 634
185 191
191 634
191 196
196 634
196 198
198 634
198 200
200 634
200 203
203 634
203 204
204 634
204 205
205 634
205 207
207 634
207 208
208 634
208 209
209 634
209 210
210 634
210 211
211 634
211 231
211 213
213 231
231 634
231 233
233 634
233 234
234 634
234 235
235 634
235 237
237 634
237 238
238 634
238 245
245 634
245 246
246 634
246 247
247 634
247 248
248 634
248 270
270 634
270 284
284 634
284 313
284 292
292 313
313 634
313 334
334 634
334 347
347 634
347 350
350 634
350 352
352 634
352 353
353 634
353 354
354 634
354 355
355 634
355 356
356 634
356 368
368 634
368 371
368 370
370 371
371 634
371 376
376 634
376 377
377 634
377 381
381 634
381 382
382 634
382 383
383 634
383 386
386 634
386 388
388 634
388 389
389 634
389 390
390 634
390 395
395 634
395 396
396 634
396 428
428 634
428 444
428 434
434 444
434 436
436 444
444 634
444 449
449 634
449 458
458 634
458 461
461 634
461 467
467 634
467 468
468 634
468 469
469 634
469 470
470 634
470 471
471 634
471 482
482 634
482 499
499 634
499 511
499 505
505 511
505 510
510 511
511 634
511 512
512 634
512 516
516 634
516 524
524 634
524 526
526 634
526 528
528 634
528 541
541 634
541 552
541 547
547 552
552 634
552 557
557 634
557 562
562 634
562 565
565 634
565 570
570 634
570 571
571 634
571 596
571 589
589 596
596 634
596 600
600 634
600 601
601 634
601 603
603 634
603 604
604 634
604 614
604 609
609 614
614 634
614 615
615 634
615 616
616 634
616 619
619 634
new Line(241,246,160,167),
new Line(160,167,131,142),
new Line(131,142,214,137),
new Line(214,137,186,144),
new Line(186,144,170,-98),
new Line(170,-98,212,-103),
new Line(212,-103,219,8),
new Line(219,8,274,-34),
new Line(274,-34,311,-9),
new Line(311,-9,328,9),
new Line(328,9,360,71),
new Line(360,71,280,2),
new Line(280,2,307,5),
new Line(307,5,331,4),
new Line(331,4,357,21),
new Line(357,21,313,126),
new Line(313,126,292,135),
new Line(292,135,332,88),
new Line(332,88,352,80),
new Line(352,80,410,42),
new Line(410,42,491,70),
new Line(491,70,375,96),
new Line(375,96,401,95),
new Line(401,95,481,91),
new Line(481,91,337,28),
new Line(337,28,356,12),
new Line(356,12,378,-6),
new Line(378,-6,458,-101),
new Line(458,-101,448,14),
new Line(448,14,502,-100),
new Line(502,-100,573,-83),
new Line(573,-83,560,68),
new Line(560,68,459,95),
new Line(459,95,515,89),
new Line(515,89,459,97),
new Line(459,97,541,93),
new Line(541,93,500,98),
new Line(500,98,458,71),
new Line(458,71,466,46),
new Line(466,46,345,-59),
new Line(345,-59,444,-6),
new Line(444,-6,483,46),
new Line(483,46,435,-40),
new Line(435,-40,485,43),
new Line(485,43,471,-65),
new Line(471,-65,494,42),
new Line(494,42,476,-98),
new Line(476,-98,496,41),
new Line(496,41,549,23),
new Line(549,23,573,52),
new Line(573,52,489,20),
new Line(489,20,427,-86),
new Line(427,-86,517,-103),
new Line(517,-103,582,-102),
new Line(582,-102,518,-2),
new Line(518,-2,551,-33),
new Line(551,-33,606,-82),
new Line(606,-82,526,-4),
new Line(526,-4,614,-75),
new Line(614,-75,537,-9),
new Line(537,-9,572,18),
new Line(572,18,326,-39),
new Line(326,-39,473,-40),
new Line(473,-40,389,-63),
new Line(389,-63,453,-51),
new Line(453,-51,339,-104),
new Line(339,-104,412,-79),
new Line(412,-79,457,-60),
new Line(457,-60,419,-90),
new Line(419,-90,358,-142),
new Line(358,-142,464,-67),
new Line(464,-67,441,-88),
new Line(441,-88,473,-72),
new Line(473,-72,457,-94),
new Line(457,-94,529,-100),
new Line(529,-100,560,-117),
new Line(560,-117,548,-94),
new Line(548,-94,583,-91),
new Line(583,-91,565,-66),
new Line(565,-66,568,-44),
new Line(568,-44,450,9),
new Line(450,9,432,42),
new Line(432,42,442,-9),
new Line(442,-9,414,85),
new Line(414,85,432,15),
new Line(432,15,405,82),
new Line(405,82,363,57),
new Line(363,57,310,-5),
new Line(310,-5,307,-35),
new Line(307,-35,307,-60),
new Line(307,-60,359,-55),
new Line(359,-55,310,-69),
new Line(310,-69,405,-56),
new Line(405,-56,385,-87),
new Line(385,-87,352,-121),
new Line(352,-121,395,-92),
new Line(395,-92,432,-86),
new Line(432,-86,440,-106),
new Line(440,-106,568,-40),
new Line(568,-40,567,-19),
new Line(567,-19,563,2),
new Line(563,2,545,47),
new Line(545,47,530,63),
new Line(530,63,478,-1),
new Line(478,-1,450,-1),
new Line(450,-1,418,87),
new Line(418,87,437,-9),
new Line(437,-9,397,79),
new Line(397,79,430,-2),
new Line(430,-2,385,73),
new Line(385,73,367,59),
new Line(367,59,404,-1),
new Line(404,-1,374,20),
new Line(374,20,419,-17),
new Line(419,-17,337,25),
new Line(337,25,320,-39),
0 719
0 1
1 719
1 3
3 719
3 22
22 719
22 39
39 719
39 44
44 719
44 51
44 47
47 51
47 50
50 51
51 719
51 63
51 58
58 63
63 719
63 68
68 719
68 73
73 719
73 79
79 719
79 87
79 86
86 87
87 719
87 95
95 719
95 101
101 719
101 107
107 719
107 114
107 113
113 114
114 719
114 132
132 719
132 141
141 719
141 173
173 719
173 178
178 719
178 180
180 719
180 181
181 719
181 183
183 719
183 184
184 719
184 185
185 719
185 193
193 719
193 197
197 719
197 198
198 719
198 200
200 719
200 203
203 719
203 205
203 204
204 205
205 719
205 207
207 719
207 208
208 719
208 209
209 719
209 210
210 719
210 211
211 719
211 233
233 719
233 234
234 719
234 245
234 235
235 245
235 237
237 245
237 238
238 245
245 719
245 246
246 719
246 247
247 719
247 248
248 719
248 270
270 719
270 288
288 719
288 313
288 292
292 313
313 719
313 324
324 719
324 350
324 329
329 350
329 334
334 350
334 339
339 350
339 343
343 350
343 347
347 350
350 719
350 352
352 719
352 353
353 719
353 354
354 719
354 355
355 719
355 356
356 719
356 370
356 368
368 370
370 719
370 371
371 719
371 386
371 376
376 386
376 377
377 386
377 381
381 386
381 383
383 386
386 719
386 388
388 719
388 389
389 719
389 394
394 719
394 434
394 395
395 434
395 396
396 434
434 719
434 436
436 719
436 446
436 437
437 446
446 719
446 455
455 719
455 461
461 719
461 467
467 719
467 468
468 719
468 469
469 719
469 470
470 719
470 471
471 719
471 477
477 719
477 484
484 719
484 492
492 719
492 499
499 719
499 506
506 719
506 511
511 719
511 512
512 719
512 516
516 719
516 527
527 719
527 528
528 719
528 552
528 543
543 552
552 719
552 557
557 719
557 562
562 719
562 565
565 719
565 570
570 719
570 596
570 571
571 596
571 589
589 596
596 719
596 600
600 719
600 601
601 719
601 603
603 719
603 604
604 719
604 611
611 719
611 614
614 719
614 615
615 719
615 616
616 719
616 619
619 719
619 628
628 719
628 635
628 634
634 635
635 719
635 646
646 719
646 653
653 719
653 668
668 719
668 686
686 719
new Line(241,246,160,167),
new Line(160,167,131,142),
new Line(131,142,214,137),
new Line(214,137,186,144),
new Line(186,144,170,-98),
new Line(170,-98,191,-102),
new Line(191,-102,212,-103),
new Line(212,-103,219,8),
new Line(219,8,274,-34),
new Line(274,-34,295,-21),
new Line(295,-21,315,-5),
new Line(315,-5,331,13),
new Line(331,13,347,38),
new Line(347,38,360,71),
new Line(360,71,280,2),
new Line(280,2,307,5),
new Line(307,5,331,4),
new Line(331,4,351,15),
new Line(351,15,368,32),
new Line(368,32,313,126),
new Line(313,126,290,136),
new Line(290,136,332,88),
new Line(332,88,353,80),
new Line(353,80,410,42),
new Line(410,42,491,70),
new Line(491,70,375,96),
new Line(375,96,401,95),
new Line(401,95,481,91),
new Line(481,91,337,28),
new Line(337,28,362,7),
new Line(362,7,382,-5),
new Line(382,-5,458,-101),
new Line(458,-101,448,14),
new Line(448,14,502,-100),
new Line(502,-100,573,-83),
new Line(573,-83,560,68),
new Line(560,68,459,95),
new Line(459,95,515,89),
new Line(515,89,459,97),
new Line(459,97,541,93),
new Line(541,93,500,98),
new Line(500,98,345,-59),
new Line(345,-59,444,-6),
new Line(444,-6,483,46),
new Line(483,46,435,-40),
new Line(435,-40,485,43),
new Line(485,43,471,-65),
new Line(471,-65,494,42),
new Line(494,42,476,-98),
new Line(476,-98,496,41),
new Line(496,41,549,23),
new Line(549,23,574,63),
new Line(574,63,489,20),
new Line(489,20,427,-86),
new Line(427,-86,474,-102),
new Line(474,-102,495,-103),
new Line(495,-103,517,-103),
new Line(517,-103,538,-99),
new Line(538,-99,564,-112),
new Line(564,-112,582,-102),
new Line(582,-102,518,-2),
new Line(518,-2,551,-33),
new Line(551,-33,606,-82),
new Line(606,-82,526,-4),
new Line(526,-4,614,-75),
new Line(614,-75,537,-9),
new Line(537,-9,572,18),
new Line(572,18,326,-39),
new Line(326,-39,473,-40),
new Line(473,-40,389,-63),
new Line(389,-63,453,-51),
new Line(453,-51,339,-104),
new Line(339,-104,457,-60),
new Line(457,-60,419,-90),
new Line(419,-90,358,-142),
new Line(358,-142,464,-67),
new Line(464,-67,453,-92),
new Line(453,-92,473,-72),
new Line(473,-72,457,-94),
new Line(457,-94,560,-117),
new Line(560,-117,548,-94),
new Line(548,-94,568,-110),
new Line(568,-110,563,-73),
new Line(563,-73,568,-52),
new Line(568,-52,450,9),
new Line(450,9,432,42),
new Line(432,42,442,-9),
new Line(442,-9,414,85),
new Line(414,85,432,15),
new Line(432,15,405,82),
new Line(405,82,381,71),
new Line(381,71,356,51),
new Line(356,51,336,21),
new Line(336,21,310,-5),
new Line(310,-5,306,-39),
new Line(306,-39,359,-55),
new Line(359,-55,310,-69),
new Line(310,-69,405,-56),
new Line(405,-56,354,-126),
new Line(354,-126,395,-92),
new Line(395,-92,431,-105),
new Line(431,-105,568,-40),
new Line(568,-40,567,-19),
new Line(567,-19,563,2),
new Line(563,2,545,47),
new Line(545,47,530,63),
new Line(530,63,478,-1),
new Line(478,-1,450,-1),
new Line(450,-1,418,87),
new Line(418,87,437,-9),
new Line(437,-9,397,79),
new Line(397,79,430,-2),
new Line(430,-2,385,73),
new Line(385,73,359,54),
new Line(359,54,404,-1),
new Line(404,-1,374,20),
new Line(374,20,419,-17),
new Line(419,-17,337,25),
new Line(337,25,322,-12),
new Line(322,-12,320,-39),
new Line(320,-39,360,13),
new Line(360,13,339,12),
new Line(339,12,319,2),
new Line(319,2,308,-25),
new Line(308,-25,307,-59),
new Line(307,-59,360,-94),
0 769
0 1
1 769
1 3
3 769
3 22
22 769
22 39
39 769
39 44
44 769
44 49
49 769
49 51
51 769
51 68
51 58
58 68
68 769
68 87
68 73
73 87
73 79
79 87
79 86
86 87
87 769
87 95
95 769
95 100
100 769
100 114
100 106
106 114
106 112
112 114
114 769
114 129
129 769
129 141
141 769
141 170
170 769
170 178
178 769
178 181
178 180
180 181
181 769
181 183
183 769
183 184
184 769
184 185
185 769
185 191
191 769
191 196
196 769
196 198
198 769
198 200
200 769
200 203
203 769
203 204
204 769
204 205
205 769
205 207
207 769
207 208
208 769
208 209
209 769
209 210
210 769
210 211
211 769
211 227
227 769
227 233
233 769
233 234
234 769
234 235
235 769
235 237
237 769
237 238
238 769
238 245
245 769
245 246
246 769
246 247
247 769
247 248
248 769
248 270
270 769
270 283
283 769
283 313
283 292
292 313
313 769
313 332
332 769
332 341
341 769
341 350
341 345
345 350
345 349
349 350
350 769
350 352
352 769
352 353
353 769
353 354
354 769
354 355
355 769
355 356
356 769
356 367
367 769
367 371
367 370
370 371
371 769
371 376
376 769
376 377
377 769
377 381
381 769
381 382
382 769
382 383
383 769
383 386
386 769
386 388
388 769
388 389
389 769
389 390
390 769
390 395
395 769
395 396
396 769
396 426
426 769
426 439
426 434
434 439
439 769
439 448
439 440
440 448
448 769
448 457
457 769
457 461
461 769
461 467
467 769
467 468
468 769
468 469
469 769
469 470
470 769
470 471
471 769
471 509
471 482
482 509
509 769
509 511
511 769
511 512
512 769
512 516
516 769
516 524
524 769
524 526
526 769
526 528
528 769
528 541
541 769
541 552
541 547
547 552
552 769
552 557
557 769
557 562
562 769
562 565
565 769
565 571
565 570
570 571
571 769
571 596
571 589
589 596
596 769
596 600
600 769
600 601
601 769
601 603
603 769
603 604
604 769
604 614
604 609
609 614
614 769
614 615
615 769
615 616
616 769
616 619
619 769
619 634
634 769
634 635
635 769
635 680
635 648
648 680
680 769
680 699
680 695
695 699
699 769
699 700
700 769
700 708
708 769
708 720
720 769
new Line(241,246,160,167),
new Line(160,167,131,142),
new Line(131,142,214,137),
new Line(214,137,186,144),
new Line(186,144,170,-98),
new Line(170,-98,205,-103),
new Line(205,-103,219,8),
new Line(219,8,274,-34),
new Line(274,-34,315,-5),
new Line(315,-5,331,13),
new Line(331,13,347,38),
new Line(347,38,360,71),
new Line(360,71,280,2),
new Line(280,2,307,5),
new Line(307,5,327,3),
new Line(327,3,348,13),
new Line(348,13,365,29),
new Line(365,29,313,126),
new Line(313,126,294,135),
new Line(294,135,332,88),
new Line(332,88,351,80),
new Line(351,80,410,42),
new Line(410,42,491,70),
new Line(491,70,375,96),
new Line(375,96,401,95),
new Line(401,95,481,91),
new Line(481,91,337,28),
new Line(337,28,356,12),
new Line(356,12,378,-6),
new Line(378,-6,458,-101),
new Line(458,-101,448,14),
new Line(448,14,502,-100),
new Line(502,-100,573,-83),
new Line(573,-83,560,68),
new Line(560,68,459,95),
new Line(459,95,515,89),
new Line(515,89,459,97),
new Line(459,97,541,93),
new Line(541,93,500,98),
new Line(500,98,462,51),
new Line(462,51,345,-59),
new Line(345,-59,444,-6),
new Line(444,-6,483,46),
new Line(483,46,435,-40),
new Line(435,-40,485,43),
new Line(485,43,471,-65),
new Line(471,-65,494,42),
new Line(494,42,476,-98),
new Line(476,-98,496,41),
new Line(496,41,549,23),
new Line(549,23,573,50),
new Line(573,50,489,20),
new Line(489,20,427,-86),
new Line(427,-86,508,-103),
new Line(508,-103,547,-96),
new Line(547,-96,573,-107),
new Line(573,-107,591,-96),
new Line(591,-96,518,-2),
new Line(518,-2,551,-33),
new Line(551,-33,606,-82),
new Line(606,-82,526,-4),
new Line(526,-4,614,-75),
new Line(614,-75,537,-9),
new Line(537,-9,572,15),
new Line(572,15,326,-39),
new Line(326,-39,473,-40),
new Line(473,-40,389,-63),
new Line(389,-63,453,-51),
new Line(453,-51,339,-104),
new Line(339,-104,412,-79),
new Line(412,-79,457,-60),
new Line(457,-60,419,-90),
new Line(419,-90,358,-142),
new Line(358,-142,464,-67),
new Line(464,-67,441,-88),
new Line(441,-88,473,-72),
new Line(473,-72,457,-94),
new Line(457,-94,525,-102),
new Line(525,-102,560,-117),
new Line(560,-117,554,-88),
new Line(554,-88,574,-102),
new Line(574,-102,563,-68),
new Line(563,-68,569,-47),
new Line(569,-47,450,9),
new Line(450,9,432,42),
new Line(432,42,442,-9),
new Line(442,-9,414,85),
new Line(414,85,432,15),
new Line(432,15,405,82),
new Line(405,82,363,57),
new Line(363,57,307,-54),
new Line(307,-54,359,-55),
new Line(359,-55,310,-69),
new Line(310,-69,405,-56),
new Line(405,-56,385,-87),
new Line(385,-87,352,-121),
new Line(352,-121,395,-92),
new Line(395,-92,432,-86),
new Line(432,-86,440,-106),
new Line(440,-106,568,-40),
new Line(568,-40,567,-19),
new Line(567,-19,563,2),
new Line(563,2,545,47),
new Line(545,47,530,63),
new Line(530,63,478,-1),
new Line(478,-1,450,-1),
new Line(450,-1,418,87),
new Line(418,87,437,-9),
new Line(437,-9,397,79),
new Line(397,79,430,-2),
new Line(430,-2,385,73),
new Line(385,73,367,59),
new Line(367,59,404,-1),
new Line(404,-1,374,20),
new Line(374,20,419,-17),
new Line(419,-17,337,25),
new Line(337,25,320,-39),
new Line(320,-39,360,13),
new Line(360,13,329,14),
new Line(329,14,306,-47),
new Line(306,-47,317,-78),
new Line(317,-78,338,-66),
new Line(338,-66,324,-84),
new Line(324,-84,346,-73),
new Line(346,-73,304,15),
new Line(304,15,304,-25),
0 824
0 1
1 824
1 3
3 824
3 20
20 824
20 22
22 824
22 36
36 824
36 44
44 824
44 49
49 824
49 51
51 824
51 59
59 824
59 84
84 824
84 103
84 87
87 103
103 824
103 114
103 109
109 114
114 824
114 128
128 824
128 141
141 824
141 169
169 824
169 178
178 824
178 181
178 180
180 181
181 824
181 183
183 824
183 184
184 824
184 185
185 824
185 190
190 824
190 196
196 824
196 198
198 824
198 200
200 824
200 203
203 824
203 204
204 824
204 205
205 824
205 207
207 824
207 208
208 824
208 209
209 824
209 210
210 824
210 211
211 824
211 227
227 824
227 233
233 824
233 234
234 824
234 235
235 824
235 237
237 824
237 238
238 824
238 245
245 824
245 246
246 824
246 247
247 824
247 248
248 824
248 270
270 824
270 283
283 824
283 313
283 292
292 313
313 824
313 342
342 824
342 350
342 346
346 350
350 824
350 352
352 824
352 353
353 824
353 354
354 824
354 355
355 824
355 356
356 824
356 368
368 824
368 371
368 370
370 371
371 824
371 376
376 824
376 377
377 824
377 381
381 824
381 382
382 824
382 383
383 824
383 386
386 824
386 388
388 824
388 389
389 824
389 390
390 824
390 395
395 824
395 396
396 824
396 436
396 434
434 436
436 824
436 445
436 437
437 445
445 824
445 454
454 824
454 461
461 824
461 467
467 824
467 468
468 824
468 469
469 824
469 470
470 824
470 471
471 824
471 502
502 824
502 508
508 824
508 513
508 511
511 513
513 824
513 516
516 824
516 524
524 824
524 526
526 824
526 528
528 824
528 552
528 543
543 552
552 824
552 557
557 824
557 562
562 824
562 565
565 824
565 570
570 824
570 571
571 824
571 596
571 589
589 596
596 824
596 600
600 824
600 601
601 824
601 603
603 824
603 604
604 824
604 614
604 609
609 614
614 824
614 615
615 824
615 616
616 824
616 619
619 824
619 629
629 824
629 647
629 635
635 647
647 824
647 675
675 824
675 686
686 824
686 703
703 824
703 708
708 824
708 720
720 824
720 764
764 824
764 793
764 770
770 793
793 824
793 813
813 824
813 815
813 814
814 815
815 824
new Line(241,246,160,167),
new Line(160,167,131,142),
new Line(131,142,101,147),
new Line(101,147,214,137),
new Line(214,137,191,144),
new Line(191,144,170,-98),
new Line(170,-98,205,-103),
new Line(205,-103,219,8),
new Line(219,8,278,-31),
new Line(278,-31,357,61),
new Line(357,61,280,2),
new Line(280,2,337,8),
new Line(337,8,357,21),
new Line(357,21,313,126),
new Line(313,126,295,134),
new Line(295,134,332,88),
new Line(332,88,350,80),
new Line(350,80,410,42),
new Line(410,42,491,70),
new Line(491,70,375,96),
new Line(375,96,401,95),
new Line(401,95,481,91),
new Line(481,91,337,28),
new Line(337,28,352,14),
new Line(352,14,378,-6),
new Line(378,-6,458,-101),
new Line(458,-101,448,14),
new Line(448,14,502,-100),
new Line(502,-100,573,-83),
new Line(573,-83,560,68),
new Line(560,68,459,95),
new Line(459,95,515,89),
new Line(515,89,459,97),
new Line(459,97,541,93),
new Line(541,93,500,98),
new Line(500,98,462,51),
new Line(462,51,345,-59),
new Line(345,-59,444,-6),
new Line(444,-6,483,46),
new Line(483,46,435,-40),
new Line(435,-40,485,43),
new Line(485,43,471,-65),
new Line(471,-65,494,42),
new Line(494,42,476,-98),
new Line(476,-98,496,41),
new Line(496,41,549,23),
new Line(549,23,573,50),
new Line(573,50,489,20),
new Line(489,20,427,-86),
new Line(427,-86,551,-96),
new Line(551,-96,577,-104),
new Line(577,-104,518,-2),
new Line(518,-2,551,-33),
new Line(551,-33,606,-82),
new Line(606,-82,526,-4),
new Line(526,-4,614,-75),
new Line(614,-75,537,-9),
new Line(537,-9,572,18),
new Line(572,18,326,-39),
new Line(326,-39,473,-40),
new Line(473,-40,389,-63),
new Line(389,-63,453,-51),
new Line(453,-51,339,-104),
new Line(339,-104,412,-79),
new Line(412,-79,457,-60),
new Line(457,-60,419,-90),
new Line(419,-90,358,-142),
new Line(358,-142,464,-67),
new Line(464,-67,441,-88),
new Line(441,-88,473,-72),
new Line(473,-72,457,-94),
new Line(457,-94,560,-117),
new Line(560,-117,548,-94),
new Line(548,-94,568,-110),
new Line(568,-110,562,-76),
new Line(562,-76,568,-54),
new Line(568,-54,450,9),
new Line(450,9,432,42),
new Line(432,42,442,-9),
new Line(442,-9,414,85),
new Line(414,85,432,15),
new Line(432,15,405,82),
new Line(405,82,321,-21),
new Line(321,-21,307,-49),
new Line(307,-49,359,-55),
new Line(359,-55,310,-74),
new Line(310,-74,405,-56),
new Line(405,-56,385,-87),
new Line(385,-87,352,-121),
new Line(352,-121,395,-92),
new Line(395,-92,431,-105),
new Line(431,-105,568,-40),
new Line(568,-40,567,-19),
new Line(567,-19,563,2),
new Line(563,2,545,47),
new Line(545,47,530,63),
new Line(530,63,478,-1),
new Line(478,-1,450,-1),
new Line(450,-1,418,87),
new Line(418,87,437,-9),
new Line(437,-9,397,79),
new Line(397,79,430,-2),
new Line(430,-2,385,73),
new Line(385,73,367,59),
new Line(367,59,404,-1),
new Line(404,-1,374,20),
new Line(374,20,419,-17),
new Line(419,-17,337,25),
new Line(337,25,321,-17),
new Line(321,-17,360,13),
new Line(360,13,336,13),
new Line(336,13,306,-38),
new Line(306,-38,307,-59),
new Line(307,-59,330,-87),
new Line(330,-87,346,-73),
new Line(346,-73,304,15),
new Line(304,15,300,-25),
new Line(300,-25,193,-72),
new Line(193,-72,226,-85),
new Line(226,-85,256,-83),
new Line(256,-83,256,-56),
new Line(256,-56,327,-90),
new Line(327,-90,262,-45),
0 875
0 1
1 875
1 3
3 875
3 19
19 875
19 22
22 875
22 36
36 875
36 44
44 875
44 51
44 47
47 51
47 50
50 51
51 875
51 58
58 875
58 64
64 875
64 87
64 69
69 87
69 74
74 87
74 80
80 87
87 875
87 93
93 875
93 100
100 875
100 114
100 106
106 114
106 112
112 114
114 875
114 129
129 875
129 141
141 875
141 169
169 875
169 178
178 875
178 180
180 875
180 181
181 875
181 183
183 875
183 184
184 875
184 185
185 875
185 191
191 875
191 196
196 875
196 198
198 875
198 200
200 875
200 202
202 875
202 203
203 875
203 205
203 204
204 205
205 875
205 207
207 875
207 208
208 875
208 209
209 875
209 210
210 875
210 211
211 875
211 232
211 213
213 232
232 875
232 234
232 233
233 234
234 875
234 235
235 875
235 237
237 875
237 238
238 875
238 245
245 875
245 246
246 875
246 247
247 875
247 248
248 875
248 270
270 875
270 285
285 875
285 313
285 292
292 313
313 875
313 343
343 875
343 350
343 347
347 350
350 875
350 352
352 875
352 353
353 875
353 354
354 875
354 355
355 875
355 356
356 875
356 370
356 368
368 370
370 875
370 371
371 875
371 381
381 875
381 382
382 875
382 388
382 383
383 388
388 875
388 389
389 875
389 393
393 875
393 434
393 395
395 434
395 396
396 434
434 875
434 436
436 875
436 446
436 437
437 446
446 875
446 455
455 875
455 461
461 875
461 467
467 875
467 468
468 875
468 469
469 875
469 470
470 875
470 471
471 875
471 511
471 478
478 511
478 486
486 511
486 494
494 511
494 499
499 511
499 505
505 511
505 510
510 511
511 875
511 519
511 513
513 519
519 875
519 524
524 875
524 526
526 875
526 528
528 875
528 552
528 543
543 552
552 875
552 557
557 875
557 562
562 875
562 565
565 875
565 570
570 875
570 571
571 875
571 595
595 875
595 596
596 875
596 600
600 875
600 601
601 875
601 603
603 875
603 604
604 875
604 614
604 609
609 614
614 875
614 615
615 875
615 616
616 875
616 619
619 875
619 634
634 875
634 641
641 875
641 689
641 650
650 689
689 875
689 700
689 699
699 700
700 875
700 720
700 708
708 720
720 875
720 770
720 749
749 770
770 875
770 814
770 792
792 814
814 875
814 815
815 875
815 816
816 875
816 825
825 875
new Line(241,246,160,167),
new Line(160,167,131,142),
new Line(131,142,103,147),
new Line(103,147,214,137),
new Line(214,137,191,144),
new Line(191,144,170,-98),
new Line(170,-98,191,-102),
new Line(191,-102,212,-103),
new Line(212,-103,219,8),
new Line(219,8,274,-34),
new Line(274,-34,299,-18),
new Line(299,-18,318,-2),
new Line(318,-2,334,17),
new Line(334,17,349,43),
new Line(349,43,280,2),
new Line(280,2,300,4),
new Line(300,4,327,3),
new Line(327,3,348,13),
new Line(348,13,365,29),
new Line(365,29,313,126),
new Line(313,126,294,135),
new Line(294,135,332,88),
new Line(332,88,350,80),
new Line(350,80,410,42),
new Line(410,42,491,70),
new Line(491,70,375,96),
new Line(375,96,401,95),
new Line(401,95,481,91),
new Line(481,91,337,28),
new Line(337,28,356,12),
new Line(356,12,378,-6),
new Line(378,-6,458,-101),
new Line(458,-101,448,14),
new Line(448,14,459,-2),
new Line(459,-2,502,-100),
new Line(502,-100,573,-83),
new Line(573,-83,560,68),
new Line(560,68,459,95),
new Line(459,95,515,89),
new Line(515,89,459,97),
new Line(459,97,541,93),
new Line(541,93,500,98),
new Line(500,98,458,71),
new Line(458,71,463,42),
new Line(463,42,345,-59),
new Line(345,-59,444,-6),
new Line(444,-6,483,46),
new Line(483,46,435,-40),
new Line(435,-40,485,43),
new Line(485,43,471,-65),
new Line(471,-65,494,42),
new Line(494,42,476,-98),
new Line(476,-98,496,41),
new Line(496,41,549,23),
new Line(549,23,573,55),
new Line(573,55,489,20),
new Line(489,20,427,-86),
new Line(427,-86,564,-112),
new Line(564,-112,582,-102),
new Line(582,-102,518,-2),
new Line(518,-2,551,-33),
new Line(551,-33,606,-82),
new Line(606,-82,526,-4),
new Line(526,-4,614,-75),
new Line(614,-75,537,-9),
new Line(537,-9,572,18),
new Line(572,18,326,-39),
new Line(326,-39,473,-40),
new Line(473,-40,339,-104),
new Line(339,-104,412,-79),
new Line(412,-79,457,-60),
new Line(457,-60,358,-142),
new Line(358,-142,464,-67),
new Line(464,-67,450,-91),
new Line(450,-91,473,-72),
new Line(473,-72,457,-94),
new Line(457,-94,560,-117),
new Line(560,-117,548,-94),
new Line(548,-94,568,-110),
new Line(568,-110,563,-73),
new Line(563,-73,568,-52),
new Line(568,-52,450,9),
new Line(450,9,432,42),
new Line(432,42,442,-9),
new Line(442,-9,414,85),
new Line(414,85,432,15),
new Line(432,15,405,82),
new Line(405,82,377,68),
new Line(377,68,350,44),
new Line(350,44,332,13),
new Line(332,13,310,-5),
new Line(310,-5,307,-35),
new Line(307,-35,307,-60),
new Line(307,-60,359,-55),
new Line(359,-55,310,-74),
new Line(310,-74,407,-60),
new Line(407,-60,385,-87),
new Line(385,-87,352,-121),
new Line(352,-121,395,-92),
new Line(395,-92,431,-105),
new Line(431,-105,568,-40),
new Line(568,-40,567,-19),
new Line(567,-19,563,2),
new Line(563,2,545,47),
new Line(545,47,530,63),
new Line(530,63,478,-1),
new Line(478,-1,440,6),
new Line(440,6,418,87),
new Line(418,87,437,-9),
new Line(437,-9,397,79),
new Line(397,79,430,-2),
new Line(430,-2,385,73),
new Line(385,73,367,59),
new Line(367,59,404,-1),
new Line(404,-1,374,20),
new Line(374,20,419,-17),
new Line(419,-17,337,25),
new Line(337,25,320,-39),
new Line(320,-39,348,13),
new Line(348,13,323,8),
new Line(323,8,308,-67),
new Line(308,-67,338,-66),
new Line(338,-66,324,-84),
new Line(324,-84,346,-73),
new Line(346,-73,304,15),
new Line(304,15,289,-22),
new Line(289,-22,193,-72),
new Line(193,-72,225,-85),
new Line(225,-85,256,-56),
new Line(256,-56,327,-90),
new Line(327,-90,263,-53),
new Line(263,-53,229,-82),
new Line(229,-82,264,-89),
0 899
0 1
1 899
1 3
3 899
3 15
15 899
15 22
22 899
22 34
34 899
34 44
44 899
44 51
44 47
47 51
47 50
50 51
51 899
51 58
58 899
58 73
73 899
73 81
81 899
81 100
81 87
87 100
100 899
100 114
100 106
106 114
106 112
112 114
114 899
114 129
129 899
129 141
141 899
141 173
173 899
173 178
178 899
178 181
178 180
180 181
181 899
181 184
184 899
184 194
184 185
185 194
194 899
194 198
198 899
198 200
200 899
200 203
203 899
203 205
203 204
204 205
205 899
205 207
207 899
207 208
208 899
208 209
209 899
209 210
210 899
210 211
211 899
211 225
225 899
225 233
233 899
233 234
234 899
234 235
235 899
235 237
237 899
237 238
238 899
238 245
245 899
245 246
246 899
246 247
247 899
247 248
248 899
248 270
270 899
270 284
284 899
284 313
284 292
292 313
313 899
313 343
343 899
343 350
343 347
347 350
350 899
350 352
352 899
352 353
353 899
353 354
354 899
354 355
355 899
355 356
356 899
356 369
356 358
358 369
369 899
369 371
369 370
370 371
371 899
371 381
381 899
381 382
382 899
382 388
382 383
383 388
388 899
388 389
389 899
389 393
393 899
393 434
393 395
395 434
395 396
396 434
434 899
434 436
436 899
436 446
436 437
437 446
446 899
446 455
455 899
455 461
461 899
461 467
467 899
467 468
468 899
468 469
469 899
469 470
470 899
470 471
471 899
471 495
495 899
495 502
502 899
502 508
508 899
508 513
508 511
511 513
513 899
513 524
513 516
516 524
524 899
524 526
526 899
526 528
528 899
528 552
528 543
543 552
552 899
552 557
557 899
557 562
562 899
562 565
565 899
565 570
570 899
570 571
571 899
571 596
571 589
589 596
596 899
596 600
600 899
600 601
601 899
601 603
603 899
603 604
604 899
604 614
604 609
609 614
614 899
614 615
615 899
615 616
616 899
616 619
619 899
619 627
627 899
627 633
633 899
633 635
635 899
635 674
635 648
648 674
674 899
674 685
685 899
685 695
695 899
695 720
695 699
699 720
720 899
720 745
745 899
745 781
781 899
781 815
781 814
781 807
807 814
814 815
815 899
815 816
816 899
816 830
830 899
new Line(241,246,160,167),
new Line(160,167,131,142),
new Line(131,142,110,147),
new Line(110,147,214,137),
new Line(214,137,194,143),
new Line(194,143,170,-98),
new Line(170,-98,191,-102),
new Line(191,-102,212,-103),
new Line(212,-103,219,8),
new Line(219,8,274,-34),
new Line(274,-34,331,13),
new Line(331,13,351,47),
new Line(351,47,280,2),
new Line(280,2,327,3),
new Line(327,3,348,13),
new Line(348,13,365,29),
new Line(365,29,313,126),
new Line(313,126,294,135),
new Line(294,135,332,88),
new Line(332,88,353,80),
new Line(353,80,410,42),
new Line(410,42,491,70),
new Line(491,70,375,96),
new Line(375,96,481,91),
new Line(481,91,337,28),
new Line(337,28,365,5),
new Line(365,5,458,-101),
new Line(458,-101,448,14),
new Line(448,14,502,-100),
new Line(502,-100,573,-83),
new Line(573,-83,560,68),
new Line(560,68,459,95),
new Line(459,95,515,89),
new Line(515,89,459,97),
new Line(459,97,541,93),
new Line(541,93,500,98),
new Line(500,98,461,53),
new Line(461,53,345,-59),
new Line(345,-59,444,-6),
new Line(444,-6,483,46),
new Line(483,46,435,-40),
new Line(435,-40,485,43),
new Line(485,43,471,-65),
new Line(471,-65,494,42),
new Line(494,42,476,-98),
new Line(476,-98,496,41),
new Line(496,41,549,23),
new Line(549,23,573,52),
new Line(573,52,489,20),
new Line(489,20,427,-86),
new Line(427,-86,564,-112),
new Line(564,-112,582,-102),
new Line(582,-102,518,-2),
new Line(518,-2,551,-33),
new Line(551,-33,606,-82),
new Line(606,-82,526,-4),
new Line(526,-4,614,-75),
new Line(614,-75,537,-9),
new Line(537,-9,570,-8),
new Line(570,-8,573,20),
new Line(573,20,326,-39),
new Line(326,-39,473,-40),
new Line(473,-40,339,-104),
new Line(339,-104,412,-79),
new Line(412,-79,457,-60),
new Line(457,-60,358,-142),
new Line(358,-142,464,-67),
new Line(464,-67,450,-91),
new Line(450,-91,473,-72),
new Line(473,-72,457,-94),
new Line(457,-94,560,-117),
new Line(560,-117,548,-94),
new Line(548,-94,568,-110),
new Line(568,-110,563,-73),
new Line(563,-73,568,-52),
new Line(568,-52,450,9),
new Line(450,9,432,42),
new Line(432,42,442,-9),
new Line(442,-9,414,85),
new Line(414,85,432,15),
new Line(432,15,405,82),
new Line(405,82,330,9),
new Line(330,9,321,-21),
new Line(321,-21,307,-49),
new Line(307,-49,359,-55),
new Line(359,-55,310,-74),
new Line(310,-74,405,-56),
new Line(405,-56,385,-87),
new Line(385,-87,352,-121),
new Line(352,-121,395,-92),
new Line(395,-92,431,-105),
new Line(431,-105,568,-40),
new Line(568,-40,567,-19),
new Line(567,-19,563,2),
new Line(563,2,545,47),
new Line(545,47,530,63),
new Line(530,63,478,-1),
new Line(478,-1,450,-1),
new Line(450,-1,418,87),
new Line(418,87,437,-9),
new Line(437,-9,397,79),
new Line(397,79,430,-2),
new Line(430,-2,385,73),
new Line(385,73,367,59),
new Line(367,59,404,-1),
new Line(404,-1,374,20),
new Line(374,20,419,-17),
new Line(419,-17,337,25),
new Line(337,25,323,-8),
new Line(323,-8,320,-35),
new Line(320,-35,360,13),
new Line(360,13,329,14),
new Line(329,14,306,-36),
new Line(306,-36,307,-56),
new Line(307,-56,317,-78),
new Line(317,-78,338,-66),
new Line(338,-66,304,15),
new Line(304,15,286,-20),
new Line(286,-20,210,-79),
new Line(210,-79,246,-84),
new Line(246,-84,256,-56),
new Line(256,-56,327,-90),
new Line(327,-90,263,-53),
new Line(263,-53,232,-85),
new Line(232,-85,129,-95),
