0.0 0.0 0.0 56 57 57 57 57 57 57 57 57 57 58 58 58 59 59 59 60 61 61 255 255 255 255 255 255 255 226 226 225 225 225 225 255 255 255 255 226 225 224 224 223 224 225 255 255 255 255 255 255 255 255 255 255 255 255 255 255 255 255 255 255 255 255 255 255 255 255 255 255 255 255 255 255 255 255 255 255 255 255 255 255 255 255 255 255 255 255 255 255 255 255 
50.0 0.0 90.0 255 255 255 255 255 236 255 234 234 234 233 233 233 233 233 233 233 233 233 233 233 45 44 44 44 43 43 43 43 43 43 42 42 42 42 42 42 42 42 42 42 42 41 42 42 41 42 42 42 42 42 42 42 42 42 42 42 43 43 43 44 44 44 44 45 255 255 255 255 255 255 255 255 255 255 255 255 255 255 255 255 255 255 255 255 255 255 255 255 255 255 
50.0 0.0 270.0 255 255 255 255 255 255 255 255 255 255 255 255 255 255 255 255 255 255 255 255 255 255 255 255 57 56 56 56 56 56 55 55 55 55 54 54 54 54 54 54 54 54 54 54 53 53 53 53 54 54 54 54 54 54 54 54 55 55 55 55 56 56 57 255 255 255 255 255 255 255 255 255 255 255 255 255 255 255 255 255 255 255 255 255 255 255 255 255 255 255 255 
120.0 0.0 0.0 63 63 64 255 255 255 255 255 255 255 121 121 120 119 119 118 118 118 117 117 117 117 117 117 117 117 117 117 117 117 117 117 117 117 117 117 117 100 99 99 99 99 98 99 98 98 98 98 98 99 99 99 99 99 100 101 218 217 217 218 218 219 219 220 194 193 192 192 192 192 192 52 51 51 50 50 50 49 49 49 49 49 48 48 48 48 48 48 48 48 48 
170.0 0.0 0.0 63 64 64 64 64 64 64 64 64 64 65 65 64 66 66 81 81 81 54 54 52 52 52 51 51 51 50 50 50 50 50 49 49 49 49 49 49 49 49 49 48 48 48 48 48 48 48 48 48 48 49 49 49 49 49 49 49 50 50 50 50 51 51 51 255 54 51 255 255 52 255 255 52 50 52 49 48 48 48 48 47 47 47 47 47 47 46 46 46 46 46 
177.07108 -7.071068 315.0 56 55 55 55 54 54 54 54 54 54 53 53 53 53 53 53 53 53 53 53 53 53 53 53 53 53 53 53 53 53 54 54 54 54 55 55 55 57 55 71 57 55 50 48 48 47 47 46 46 46 45 45 45 45 44 44 44 44 44 44 44 44 44 44 43 43 43 43 43 43 43 43 43 43 44 44 44 44 44 44 44 44 45 45 45 45 46 46 46 47 47 
191.21321 7.071068 45.0 85 35 33 33 33 33 32 32 32 32 32 32 32 32 32 32 32 32 33 33 33 33 34 143 144 144 144 144 144 144 144 145 145 146 147 147 148 149 150 150 151 151 255 40 39 38 38 37 37 36 36 36 36 36 35 35 35 35 35 35 35 35 35 35 34 34 34 34 34 34 34 34 34 34 34 34 35 35 35 35 35 35 35 35 36 36 36 37 37 37 37 
208.89087 24.748737 0.0 90 90 91 91 91 59 92 255 255 255 255 255 255 255 255 255 255 255 255 255 255 255 255 255 255 255 255 255 255 255 255 128 127 126 126 125 125 125 125 125 125 125 125 125 125 126 126 126 126 126 126 126 126 125 126 126 126 126 127 128 129 255 255 29 28 27 27 25 25 24 25 25 25 24 24 23 23 23 23 23 23 23 22 22 22 22 22 22 22 22 22 
258.89087 24.748737 270.0 255 255 255 25 25 25 25 25 25 25 24 24 24 23 23 23 22 22 22 22 23 23 23 24 24 25 25 25 25 25 88 88 88 88 88 88 88 88 89 89 206 206 206 206 207 92 91 90 89 90 89 89 90 90 90 255 255 255 255 255 255 255 255 255 255 203 202 203 203 202 202 87 85 84 84 83 83 82 82 82 82 82 81 81 81 81 81 81 81 81 81 
258.89087 -35.251263 270.0 21 21 21 21 21 21 21 21 21 21 21 21 21 22 22 22 22 22 25 27 23 24 36 32 37 35 34 34 32 33 34 33 32 33 33 33 33 33 33 33 34 34 34 34 36 36 37 38 140 255 255 255 255 255 158 158 158 158 158 158 159 255 255 255 255 255 255 255 255 255 78 81 80 79 78 78 78 77 77 77 77 77 76 77 77 76 76 76 76 76 76 
279.07156 -108.94824 175.0 146 147 147 147 147 147 147 147 148 44 43 43 43 42 42 42 42 42 42 42 42 42 43 43 255 255 255 255 255 255 255 255 255 255 255 255 255 255 255 255 255 255 255 255 255 255 255 255 255 255 255 255 255 255 255 255 255 255 255 255 255 255 255 255 255 255 255 255 255 255 255 255 255 78 77 76 76 75 75 75 74 74 74 74 74 74 74 74 73 73 73 
219.2999 -103.7189 175.0 26 27 27 27 27 27 27 27 27 27 27 27 28 28 28 29 29 29 30 30 31 255 255 255 255 255 255 255 255 255 255 255 255 255 255 255 255 255 255 255 255 255 255 255 255 255 255 255 255 255 255 255 255 255 255 255 255 255 255 255 255 255 255 255 255 255 255 255 255 255 255 255 255 255 75 75 74 74 73 73 73 72 72 72 72 72 72 72 72 72 72 
180.66287 -93.36614 165.0 22 22 22 22 22 22 22 22 22 22 22 23 23 23 23 23 23 23 24 24 24 25 26 26 26 26 26 26 26 255 255 255 255 255 255 255 255 255 255 255 255 255 255 255 255 183 255 255 255 255 255 255 255 255 255 255 255 255 255 255 255 255 255 255 255 255 255 30 23 23 22 22 22 22 22 22 22 22 22 22 21 21 21 21 21 21 21 21 21 21 20 
132.36658 -80.425186 165.0 20 20 20 20 20 20 20 20 20 21 21 21 21 21 21 21 21 21 22 22 22 22 22 23 24 23 255 255 255 73 73 73 74 73 73 74 74 73 74 73 73 73 73 73 73 73 74 255 255 255 255 255 255 255 255 255 255 255 255 255 255 255 255 255 132 132 132 131 131 131 131 132 132 132 133 133 255 255 255 255 255 255 255 90 90 88 89 88 88 87 87 
64.75177 -62.307854 165.0 17 18 18 18 18 18 18 19 19 19 21 20 21 21 21 21 21 21 22 22 22 22 22 23 73 74 73 73 73 73 74 73 73 73 73 73 73 73 74 73 73 74 73 73 73 73 74 74 249 249 255 255 255 255 255 255 255 255 255 255 255 255 255 255 255 255 255 255 255 97 96 95 94 91 91 90 90 89 89 89 88 88 88 88 87 87 87 87 87 87 87 
26.114738 -51.955093 165.0 17 17 17 18 18 18 18 19 19 19 21 21 21 21 21 21 21 21 22 22 22 22 255 255 255 255 255 255 255 255 255 255 255 255 255 211 210 210 210 210 210 210 209 209 209 209 209 209 209 209 209 210 210 210 210 211 211 255 255 255 255 255 255 255 255 255 255 255 255 255 255 57 56 55 53 53 52 52 52 51 51 51 51 51 50 50 50 50 50 50 50 
-2.8630352 -44.19052 165.0 17 17 17 18 18 18 18 19 19 20 21 21 21 21 21 21 21 22 22 22 21 22 22 23 25 255 255 255 255 255 255 120 255 255 255 255 255 255 255 255 255 255 255 255 255 255 255 255 255 255 255 255 255 255 255 255 255 255 255 255 255 255 255 255 255 255 255 255 255 255 255 255 255 255 255 255 94 92 92 91 91 91 90 90 90 90 90 90 90 89 89 
