0.0 0.0 0.0 255 255 255 255 255 255 255 255 255 255 255 255 255 255 255 255 255 255 255 255 255 255 255 255 255 255 255 255 255 255 255 255 255 255 255 255 255 255 255 255 255 255 255 255 255 255 255 255 255 255 255 255 255 255 255 255 255 255 255 255 255 255 255 255 255 255 255 255 204 91 92 255 53 52 51 51 51 50 50 50 49 49 49 49 49 49 49 49 48 48 48 
80.0 0.0 0.0 255 255 255 255 255 255 255 255 255 255 255 255 255 255 255 255 255 255 255 255 255 255 255 255 255 255 255 255 255 255 255 255 255 255 255 255 255 255 255 255 255 255 255 255 255 255 255 255 255 255 255 255 255 255 255 255 255 255 255 255 255 255 255 255 255 255 255 255 255 51 50 49 49 48 48 48 48 47 47 47 46 46 46 46 46 45 45 45 45 45 45 
120.0 0.0 270.0 255 255 255 255 255 255 255 255 255 255 255 255 255 255 255 255 255 255 255 255 255 255 255 255 255 255 255 255 255 255 255 255 255 255 255 255 255 255 205 204 204 204 204 204 204 92 92 92 92 92 92 92 255 255 255 255 145 144 144 144 143 143 143 143 142 143 142 142 142 142 142 142 142 142 142 142 142 142 142 142 143 143 143 143 144 255 255 255 255 255 255 
180.0 0.0 0.0 98 99 98 99 99 99 99 99 99 100 100 101 102 108 109 109 109 110 111 111 111 111 111 111 112 112 112 255 255 255 255 255 255 255 255 255 255 255 255 255 255 255 255 255 255 255 255 255 255 255 255 255 255 255 255 255 255 255 255 255 255 255 255 255 43 42 41 41 41 41 41 40 40 40 39 39 39 39 38 38 38 38 38 38 38 38 38 38 38 38 38 
250.0 0.0 270.0 255 255 255 255 255 255 255 255 255 255 255 255 255 255 255 255 255 255 22 22 22 22 22 22 21 21 21 21 21 21 21 21 21 21 21 21 21 21 21 21 21 21 21 21 21 21 21 21 21 21 21 21 22 22 24 255 255 255 255 255 255 255 255 255 255 255 255 255 84 83 255 255 255 255 255 255 255 255 255 255 255 255 255 255 145 26 29 52 132 255 255 
330.0 0.0 270.0 255 255 255 255 255 255 255 255 255 255 255 255 255 255 255 255 255 255 255 117 118 116 116 116 116 115 115 115 115 116 255 255 118 116 255 255 255 255 255 255 255 255 255 255 255 255 255 255 255 203 204 88 88 107 255 213 255 255 255 255 255 255 255 255 233 255 255 255 255 255 255 255 255 255 255 255 255 255 255 255 255 255 255 134 113 30 86 30 112 71 79 
400.0 -30.0 270.0 42 42 42 42 42 43 42 42 42 42 42 42 42 42 42 42 42 42 42 46 202 255 255 255 255 255 255 95 30 30 128 31 30 255 30 30 30 29 29 139 29 170 30 29 29 29 29 30 30 29 29 30 30 30 30 31 31 31 32 255 31 31 255 255 255 33 33 34 69 70 68 68 69 68 69 71 72 67 255 77 76 76 76 76 75 75 75 75 75 75 75 
400.0 -80.0 270.0 11 11 12 12 12 12 12 12 13 13 13 13 14 21 21 21 22 22 22 22 22 255 255 255 255 255 255 255 129 127 127 126 126 125 125 125 125 125 125 125 125 124 124 125 124 124 124 124 125 125 125 125 125 125 126 126 126 127 147 146 147 147 148 148 148 29 32 74 148 36 149 48 49 255 255 255 255 255 255 76 75 75 74 74 74 74 74 73 73 73 73 
400.0 -140.0 270.0 174 27 28 29 29 29 113 48 38 47 46 173 96 47 48 37 95 88 175 45 76 71 70 71 70 42 69 68 68 67 67 67 67 67 66 66 66 66 66 66 66 65 66 66 66 66 66 66 65 66 66 66 66 66 67 67 67 67 67 68 69 69 69 70 98 98 73 98 97 73 97 98 98 98 98 72 72 72 69 71 71 70 70 70 70 70 70 70 69 70 69 
350.0 -140.0 180.0 49 56 56 50 32 56 83 31 130 57 129 130 130 130 130 130 130 130 130 131 130 130 130 130 129 130 129 130 129 131 129 129 130 129 129 130 129 129 144 144 143 130 143 143 143 144 143 143 143 144 92 143 144 129 130 47 47 47 47 47 47 47 48 80 77 127 129 76 73 72 71 70 70 70 69 69 69 69 68 68 50 51 68 67 67 67 67 67 67 67 67 
350.0 -140.0 90.0 118 118 119 119 119 119 119 119 119 120 121 121 121 255 255 255 255 255 255 255 255 129 130 129 129 130 130 48 46 45 44 45 44 44 44 44 44 43 43 44 44 43 43 43 44 39 41 42 40 45 43 47 130 130 130 130 33 130 130 42 130 130 130 130 129 129 129 130 130 130 60 96 38 38 32 130 130 130 130 130 130 130 130 130 130 130 130 131 130 130 130 
260.0 -140.0 180.0 53 53 54 54 54 54 54 54 54 55 55 56 57 255 255 62 255 255 58 60 60 58 58 58 56 56 56 55 55 55 55 55 55 54 54 54 54 54 54 54 54 54 54 54 54 54 54 54 54 54 54 54 55 55 55 56 55 56 255 58 58 255 58 58 52 53 57 55 55 57 34 57 56 56 56 55 55 55 55 36 55 54 54 54 54 54 54 54 54 54 54 
204.01924 -105.0 180.0 20 20 20 20 20 20 20 21 21 21 21 21 21 21 21 21 21 21 22 22 22 22 22 22 23 255 255 255 255 255 255 255 255 255 255 255 255 255 255 255 255 255 255 255 255 255 255 255 255 255 255 255 255 255 255 255 255 255 255 255 255 255 255 255 255 255 23 23 23 23 23 22 22 22 22 22 22 21 21 21 21 21 21 21 21 21 21 21 21 21 20 
134.01924 -145.0 270.0 255 255 255 255 255 255 255 255 255 255 255 255 255 255 255 255 255 49 46 45 45 45 45 44 44 43 43 43 42 42 42 42 42 41 41 41 41 41 41 41 41 41 41 41 41 41 41 41 41 41 41 41 41 41 42 42 42 43 43 44 44 255 255 255 255 255 255 255 255 255 255 255 255 255 255 255 25 104 255 255 255 255 31 30 29 29 29 29 29 29 28 
149.01924 -170.98076 300.0 23 23 22 22 22 22 22 22 22 22 21 21 21 21 21 21 21 21 21 21 21 21 21 21 21 21 21 21 21 21 21 21 21 21 21 21 21 21 21 21 22 22 22 22 22 22 22 23 24 24 24 255 255 255 255 255 255 255 255 255 255 255 255 255 255 255 255 255 255 255 255 255 255 255 255 255 255 255 255 255 255 255 255 255 255 255 255 255 255 255 255 
29.019241 -170.98076 180.0 255 255 255 255 255 255 255 255 255 255 255 255 255 255 255 255 255 255 255 255 255 255 255 255 255 255 255 255 255 255 255 255 255 255 255 255 255 255 255 255 255 255 255 255 255 255 255 255 255 255 255 255 255 255 255 255 255 255 255 255 255 255 255 255 255 255 255 30 29 29 29 29 28 28 27 27 27 27 27 26 26 26 26 26 26 26 26 26 25 25 25 
