BlueCove version 2.1.0 on bluez
Connected to NXT07 00165315389F
Console open
0.0 0.0 0.0
0.0 0.0 0.0
0.0244345513778835 -5.33080061747669E-5 -0.250126803629761
0.0977382055115338 -2.13232024699068E-4 0.0
0.122172756889417 -1.59924018524301E-4 0.250126803629761
0.219910264601612 2.66539015965031E-4 0.250126803629761
0.293212523139353 7.46308026815147E-4 0.500253607259521
0.366511990511844 0.00154591289588068 0.750380410889282
0.488670791663581 0.00341162206914211 1.00050721451904
0.586394343737732 0.00511739301561247 1.00050721451904
0.684117895811883 0.00682316396208283 1.00050721451904
0.781841447886035 0.0085289349085532 1.00050721451904
0.90399094550787 0.0109276429528869 1.2506340181488
0.977273666632815 0.0126866397013643 1.50076082177856
1.07497861222283 0.0152451337435061 1.50076082177856
1.19710252635518 0.0187096923794929 1.75088762540833
1.27036710715109 0.0211081264180783 2.00101442903809
1.36804600564708 0.0245191487166646 2.00101442903809
1.46572490414307 0.0279301710152508 2.00101442903809
1.58781393457706 0.0324603164033372 2.25114123266785
1.68547701989507 0.036297509476181 2.25114123266785
1.80754512170405 0.0413603239406066 2.50126803629761
1.90519053447971 0.045623614733083 2.50126803629761
2.02723538366298 0.0512190018851584 2.75139483992737
2.1248612648684 0.0559083092303561 2.75139483992737
2.22248714607381 0.0605976165755539 2.75139483992737
2.34450641907336 0.0667254698871732 3.00152164355713
2.44211091005247 0.0718407045074399 3.00152164355713
2.53971540103158 0.0769559391277066 3.00152164355713
2.66170677477635 0.0836161419333759 3.25164844718689
2.78366792672642 0.0908085674324344 3.50177525081665
2.8812240629491 0.0967753563355706 3.50177525081665
2.95438122786361 0.101410063090991 3.75190205444641
3.07627497095029 0.10966651304644 4.00202885807617
3.17377532313905 0.116484401838369 4.00202885807617
3.27127567532781 0.123302290630299 4.00202885807617
3.36877602751657 0.130120179422228 4.00202885807617
3.46627637970533 0.136938068214158 4.00202885807617
3.56377673189408 0.143755957006087 4.00202885807617
3.68563328919544 0.152544188467046 4.25215566170593
3.78310296469365 0.159787436549559 4.25215566170593
3.88057264019186 0.167030684632072 4.25215566170593
3.97804231569007 0.174273932714586 4.25215566170593
4.07551199118828 0.181517180797099 4.25215566170593
4.1973290427311 0.190837026448309 4.50228246533569
4.29476618585664 0.198505495920403 4.50228246533569
4.39220332898217 0.206173965392498 4.50228246533569
4.514020380525 0.215493811043707 4.25215566170593
4.6114900560232 0.222737059126221 4.25215566170593
4.70895973152141 0.229980307208734 4.25215566170593
4.80642940701962 0.237223555291247 4.25215566170593
4.92824645856244 0.246543400942457 4.50228246533569
5.05006351010527 0.255863246593666 4.25215566170593
5.14753318560347 0.26310649467618 4.25215566170593
5.24500286110168 0.270349742758693 4.25215566170593
5.34247253659989 0.277592990841206 4.25215566170593
5.48867704984721 0.288457862964976 4.25215566170593
5.63488156309453 0.299322735088746 4.25215566170593
5.73235123859273 0.306565983171259 4.25215566170593
5.85420779589408 0.315354214632218 4.00202885807617
5.95170814808284 0.322172103424147 4.00202885807617
6.09795867636598 0.332398936612041 4.00202885807617
6.19545902855474 0.339216825403971 4.00202885807617
6.31735277164142 0.34747327535942 3.75190205444641
6.4392465147281 0.355729725314869 4.00202885807617
6.53674686691686 0.362547614106799 4.00202885807617
6.63424721910562 0.369365502898728 4.00202885807617
6.7561409621923 0.377621952854177 3.75190205444641
6.85367013480545 0.384014352552748 3.75190205444641
6.9755987429963 0.391738863811782 3.50177525081665
7.07315487921897 0.397705652714918 3.50177525081665
7.19508348740982 0.405430163973951 3.75190205444641
7.31701209560067 0.413154675232985 3.50177525081665
7.41456823182334 0.419121464136121 3.50177525081665
7.51212436804602 0.425088253039258 3.50177525081665
7.60968050426869 0.431055041942394 3.50177525081665
7.73164165621876 0.438247467441452 3.25164844718689
7.82922289872275 0.443788531950094 3.25164844718689
7.92680414122674 0.449329596458736 3.25164844718689
8.04876529317682 0.456522021957795 3.50177525081665
8.14632142939949 0.462488810860931 3.50177525081665
8.26828258134956 0.469681236359989 3.25164844718689
8.36586382385355 0.475222300868631 3.25164844718689
8.46344506635754 0.480763365377273 3.25164844718689
8.60981693011352 0.489074962140236 3.25164844718689
8.70739817261751 0.494616026648878 3.25164844718689
8.8049794151215 0.50015709115752 3.25164844718689
8.90256065762549 0.505698155666162 3.25164844718689
9.00014190012948 0.511239220174804 3.25164844718689
9.09772314263346 0.516780284683446 3.25164844718689
9.19530438513745 0.522321349192088 3.25164844718689
9.29288562764144 0.527862413700729 3.25164844718689
9.41484677959151 0.535054839199788 3.50177525081665
9.51240291581419 0.541021628102924 3.50177525081665
9.60995905203686 0.54698841700606 3.50177525081665
9.73192020398693 0.554180842505119 3.25164844718689
9.82950144649092 0.55972190701376 3.25164844718689
9.92708268899491 0.565262971522402 3.25164844718689
10.0246639314989 0.570804036031044 3.25164844718689
10.1222451740029 0.576345100539686 3.25164844718689
10.2198264165069 0.581886165048328 3.25164844718689
10.3174076590109 0.58742722955697 3.25164844718689
10.4393990327556 0.594087432362639 3.00152164355713
10.5370035237347 0.599202666982906 3.00152164355713
10.6346080147139 0.604317901603173 3.00152164355713
10.732212505693 0.609433136223439 3.00152164355713
10.8298169966721 0.614548370843706 3.00152164355713
10.9274214876512 0.619663605463972 3.00152164355713
11.0250259786303 0.624778840084239 3.00152164355713
11.1226304696094 0.629894074704506 3.00152164355713
11.244649742609 0.636021928016125 2.75139483992737
11.3422756238144 0.640711235361323 2.75139483992737
11.4399015050198 0.645400542706521 2.75139483992737
11.561946354203 0.650995929858596 2.50126803629761
11.6595917669787 0.655259220651072 2.50126803629761
11.7572371797544 0.659522511443549 2.50126803629761
11.85488259253 0.663785802236025 2.50126803629761
11.9525280053057 0.668049093028502 2.50126803629761
12.0501734180814 0.672312383820978 2.50126803629761
12.147818830857 0.676575674613455 2.50126803629761
12.2454642436327 0.680838965405931 2.50126803629761
12.3431096564084 0.685102256198408 2.50126803629761
12.440755069184 0.689365546990884 2.50126803629761
12.5384004819597 0.69362883778336 2.50126803629761
12.6360458947354 0.697892128575837 2.50126803629761
12.733691307511 0.702155419368313 2.50126803629761
12.8313367202867 0.70641871016079 2.50126803629761
12.9289821330623 0.710682000953266 2.50126803629761
13.026627545838 0.714945291745743 2.50126803629761
13.1242729586137 0.719208582538219 2.50126803629761
13.2219183713893 0.723471873330696 2.50126803629761
13.2951592324747 0.726509562009351 2.25114123266785
13.3928223177927 0.730346755082195 2.25114123266785
13.4904854031107 0.734183948155039 2.25114123266785
13.5881484884288 0.738021141227882 2.25114123266785
13.6858115737468 0.741858334300726 2.25114123266785
13.7834746590648 0.74569552737357 2.25114123266785
13.8811377443828 0.749532720446414 2.25114123266785
14.0032058461918 0.754595534910839 2.50126803629761
14.1008512589674 0.758858825703316 2.50126803629761
14.1984966717431 0.763122116495792 2.50126803629761
14.2717375328285 0.766159805174448 2.25114123266785
14.3694006181465 0.769996998247292 2.25114123266785
14.4670637034645 0.773834191320135 2.25114123266785
14.5647267887825 0.777671384392979 2.25114123266785
14.6623898741005 0.781508577465823 2.25114123266785
14.7600529594185 0.785345770538667 2.25114123266785
14.8577160447365 0.789182963611511 2.25114123266785
14.9553791300545 0.793020156684354 2.25114123266785
15.0530422153726 0.796857349757198 2.25114123266785
15.1507053006906 0.800694542830042 2.25114123266785
15.223958718951 0.803412630062894 2.00101442903809
15.3216376174469 0.80682365236148 2.00101442903809
15.4193165159429 0.810234674660066 2.00101442903809
15.5169954144389 0.813645696958653 2.00101442903809
15.6146743129349 0.817056719257239 2.00101442903809
15.7123532114309 0.820467741555825 2.00101442903809
15.7856177922268 0.822866175594411 1.75088762540833
15.8588823730227 0.825264609632996 2.00101442903809
15.9565612715187 0.828675631931582 2.00101442903809
16.0542401700147 0.832086654230168 2.00101442903809
16.1519190685107 0.835497676528755 2.00101442903809
16.2251836493066 0.83789611056734 1.75088762540833
16.3228765013151 0.840880897150721 1.75088762540833
16.396141082111 0.843279331189307 2.00101442903809
16.5182487167709 0.847276721253616 1.75088762540833
16.6159415687794 0.850261507836997 1.75088762540833
16.6892061495753 0.852659941875582 2.00101442903809
16.7868850480713 0.856070964174168 2.00101442903809
16.8845639465673 0.859481986472755 2.00101442903809
16.9578285273632 0.86188042051134 1.75088762540833
17.0555213793718 0.864865207094721 1.75088762540833
17.1532142313803 0.867849993678102 1.75088762540833
17.2509070833889 0.870834780261483 1.75088762540833
17.3485999353974 0.873819566844864 1.75088762540833
17.4462927874059 0.876804353428245 1.75088762540833
17.5439856394145 0.879789140011626 1.75088762540833
17.641678491423 0.882773926595008 1.75088762540833
17.7393713434316 0.885758713178389 1.75088762540833
17.8370641954401 0.88874349976177 1.75088762540833
17.910328776236 0.891141933800355 2.00101442903809
18.008007674732 0.894552956098941 2.00101442903809
18.105686573228 0.897963978397528 2.00101442903809
18.227775603662 0.902494123785614 2.25114123266785
18.349864634096 0.9070242691737 2.00101442903809
18.4231180523564 0.909742356406552 2.25114123266785
18.5207811376744 0.913579549479396 2.25114123266785
18.6184442229924 0.91741674255224 2.25114123266785
18.7161073083104 0.921253935625084 2.25114123266785
18.8137703936284 0.925091128697928 2.25114123266785
18.9114334789464 0.928928321770771 2.25114123266785
19.0090965642644 0.932765514843615 2.25114123266785
19.1067596495824 0.936602707916459 2.25114123266785
19.2044227349005 0.940439900989303 2.25114123266785
19.3264908367094 0.945502715453728 2.50126803629761
19.4241362494851 0.949766006246205 2.50126803629761
19.5217816622608 0.954029297038681 2.50126803629761
19.6194270750364 0.958292587831158 2.50126803629761
19.7170724878121 0.962555878623634 2.50126803629761
19.8391173369954 0.96815126577571 2.75139483992737
19.9611621861786 0.973746652927785 2.50126803629761
20.0588075989543 0.978009943720261 2.50126803629761
20.15645301173 0.982273234512738 2.50126803629761
20.2540984245056 0.986536525305214 2.50126803629761
20.3517438372813 0.990799816097691 2.50126803629761
20.449389250057 0.995063106890167 2.50126803629761
20.5470346628326 0.999326397682644 2.50126803629761
20.6690795120159 1.00492178483472 2.75139483992737
20.7667053932213 1.00961109217992 2.75139483992737
20.8643312744267 1.01430039952511 2.75139483992737
21.0107700962348 1.02133436054291 2.75139483992737
21.1083959774403 1.02602366788811 2.75139483992737
21.2060218586457 1.03071297523331 2.75139483992737
21.3036477398511 1.0354022825785 2.75139483992737
21.4012736210565 1.0400915899237 2.75139483992737
21.4988995022619 1.0447808972689 2.75139483992737
21.5965253834673 1.0494702046141 2.75139483992737
21.6941512646727 1.05415951195929 2.75139483992737
21.8405900864809 1.06119347297709 2.75139483992737
21.9382159676863 1.06588278032229 2.75139483992737
22.0358418488917 1.07057208766749 2.75139483992737
22.1334677300971 1.07526139501268 2.75139483992737
22.2310936113025 1.07995070235788 2.75139483992737
22.3531384604858 1.08554608950996 2.50126803629761
22.4508015458038 1.0893832825828 2.00101442903809
22.5484943978123 1.09236806916618 1.50076082177856
22.6462179498865 1.09407384011265 0.500253607259522
22.7683907067759 1.09434038014353 -0.25012680362976
22.8905495079276 1.09247467097026 -1.50076082177856
22.9882284064236 1.08906364867168 -2.50126803629761
23.1102197801684 1.08240344586601 -3.75190205444641
23.2076894556666 1.0751601977835 -4.75240926896545
23.3049779253973 1.06579238363253 -6.25317009074401
23.4262725081419 1.05116782325032 -7.50380410889282
23.547219192957 1.03390071573957 -8.75443812704162
23.6436866762465 1.01818998843938 -9.75494534156066
23.8119324264291 0.987386992776576 -11.0055793597095
23.9315993896013 0.962768473432455 -12.2562133778583
24.0507008251076 0.935545291585234 -13.5068473960071
24.1455360139002 0.911900223364305 -14.5073546105261
24.2871481362901 0.873955369531489 -15.5078618250452
24.3811003530677 0.847015004888701 -16.5083690395642
24.4978568127669 0.811040254187087 -17.759003057713
24.5906789220379 0.780432112868256 -18.7595102722321
24.6829527083295 0.748208664140238 -19.7600174867511
24.7974818762778 0.705672523522987 -21.0106515048999
24.8884194361641 0.669851266056938 -22.0111587194189
25.0011903452308 0.622851525229871 -23.2617927375677
25.0906514595856 0.583487692808428 -24.2622999520868
25.2014902252028 0.532096821965291 -25.5129339702356
25.2893369514721 0.4892511107649 -26.5134411847546
25.3980726682969 0.433548350903649 -27.7640752029034
25.4841695531961 0.387286825905461 -28.7645824174225
25.5694459501861 0.339529748933357 -29.7650896319415
25.6751173912873 0.278212540050787 -30.5154700428308
25.7799771617939 0.2155173879348 -31.2658504537201
25.8633128797292 0.164449194303868 -31.7661040609796
25.988316456632 0.0878469038574685 -31.2658504537201
26.0723134969954 0.0378739162069954 -30.265343239201
26.1785160012518 -0.0225188123222139 -29.0147092210522
26.2862630098954 -0.0801107883076099 -27.2638215956439
26.3739219508378 -0.123339394084077 -25.2628071666058
26.5073292408742 -0.184136598833112 -23.7620463448273
26.6420310676202 -0.242009070798882 -22.7615391303082
26.7545958287836 -0.289500418576871 -23.011665933938
26.8443970466143 -0.328082066554052 -23.5119195411975
26.9338581609692 -0.367445898975495 -24.012173148457
27.0451411704445 -0.417867574588987 -24.7625535593463
27.1335412037032 -0.459559736974224 -25.7630607738654
27.2212001446456 -0.502788342750691 -26.7635679883844
27.3296917780154 -0.558965019924619 -28.0142020065332
27.4155859899928 -0.6056017718837 -29.0147092210522
27.4793074925467 -0.641837409001226 -30.265343239201
27.5841672630533 -0.704532561117212 -31.5159772573498
27.6879168816326 -0.769048219791662 -32.2663576682391
27.7905247451457 -0.835364732929967 -33.5169916863879
27.8715535826231 -0.890019373918334 -34.517498900907
27.9516162240079 -0.946079838944951 -35.518006115426
28.0502993922818 -1.01810681909112 -36.7686401335748
28.1280993847433 -1.07726730808083 -37.7691473480939
28.2048550349903 -1.13777658373076 -38.7696545626129
28.2808120674479 -1.19928537582381 -39.2699081698724
28.3752531103925 -1.27679113675218 -39.5200349735022
28.4700314359327 -1.35388408440202 -38.7696545626129
28.5467870861796 -1.41439336005196 -37.7691473480939
28.6248444735522 -1.47321382044698 -36.2683865263153
28.7046617436508 -1.52962308988489 -34.2673720972772
28.8069792709535 -1.59638668158135 -32.0162308646094
28.9115644849313 -1.65953877249492 -30.265343239201
28.9964208810299 -1.70803819852937 -29.264836024682
29.1458365525817 -1.79128730717942 -29.0147092210522
29.2525620322616 -1.85075095621517 -29.264836024682
29.3376292385844 -1.89887966586908 -29.7650896319415
29.4220591716485 -1.94811774754682 -30.7655968464606
29.5266443856263 -2.01126983846039 -31.5159772573498
29.6095312819883 -2.06306331967184 -32.5164844718689
29.6915016333895 -2.11629548828886 -33.5169916863879
29.7725304708669 -2.17095012927723 -34.517498900907
29.832669037653 -2.21286437590001 -35.2678793117962
29.9119910110623 -2.26996802568669 -36.2683865263153
29.9903043072458 -2.32844733763026 -37.2688937408343
30.0867418519011 -2.40345436097081 -38.5195277589831
30.1438101341169 -2.44946156095044 -39.2699081698724
30.2189555339387 -2.51195933027172 -40.2704153843915
30.2932764253473 -2.57543536815019 -40.770668991651
30.3667600738405 -2.63987879829354 -41.77117620617
30.421342315154 -2.68880967012548 -42.0213030097998
30.4939761296869 -2.75420945048372 -42.0213030097998
30.5853015001157 -2.83536319522537 -41.2709225989105
30.6409381736775 -2.88309171751567 -40.0202885807617
30.7357164992177 -2.96018466516552 -38.2694009553534
30.8331275934351 -3.03392293401498 -36.0182597226855
30.9131902348199 -3.08998339904159 -34.0172452936474
31.0155077621226 -3.15674699073804 -32.2663576682391
31.1192573807019 -3.22126264941249 -31.5159772573498
31.2028151316646 -3.27196673739921 -31.0157236500903
31.307123797962 -3.33557456478559 -31.7661040609796
31.4314541425048 -3.41326478660276 -32.2663576682391
31.513655982023 -3.46613878649256 -33.2668648827582
31.5949225232668 -3.52043935332924 -34.2673720972772
31.6954573218196 -3.58985842743347 -35.0177525081665
31.7750277010262 -3.64661542733149 -36.0182597226855
31.8340484727602 -3.69008955514286 -36.7686401335748
31.9311368968211 -3.76425215678898 -38.0192741517236
32.0076277957253 -3.8250957650756 -39.0197813662427
32.0830451773142 -3.88726505684241 -40.0202885807617
32.1388895755595 -3.93475036477725 -40.770668991651
32.2123732240526 -3.99919379492061 -41.77117620617
32.2667414452552 -4.04836236016621 -42.5215566170593
32.3382228137586 -4.11501981467345 -43.5220638315783
32.4088255391585 -4.18260722067945 -44.0223174388379
32.461444682529 -4.23364325732017 -44.2724442424676
32.5317518310857 -4.30153808147004 -43.7721906352081
32.6209215492098 -4.38505463635115 -42.5215566170593
32.6941233115745 -4.44981808492524 -40.5205421880212
32.7507879373413 -4.49632154148226 -38.2694009553534
32.8288453247138 -4.55514200187729 -35.7681329190558
32.9293801232667 -4.62456107598151 -33.5169916863879
33.0319879867798 -4.69087758911982 -32.2663576682391
33.1563183313227 -4.76856781093699 -31.7661040609796
33.2394304296385 -4.81999913794734 -31.7661040609796
33.3637607741814 -4.89768935976451 -32.2663576682391
33.4461925368119 -4.95020418428235 -32.7666112754986
33.5279298394989 -5.00379350816283 -33.7671184900177
33.6089586769763 -5.0584481491512 -34.2673720972772
33.7290526390535 -5.14253884669112 -35.7681329190558
33.8078732750982 -5.20033252816255 -36.7686401335748
33.8856732675597 -5.25949301715225 -37.7691473480939
33.9624289178067 -5.32000229280219 -38.7696545626129
34.0568699607513 -5.39750805373056 -40.0202885807617
34.1127143589965 -5.4449933616654 -40.770668991651
34.2043929589615 -5.52574785304517 -42.0213030097998
34.2764532943164 -5.59177898474108 -43.0218102243188
34.3473502523854 -5.65905768583641 -44.0223174388379
34.4346768464882 -5.74449959318852 -44.7726978497272
34.5037883588595 -5.81361110555987 -45.2729514569867
34.5903660159956 -5.89981181816935 -44.5225710460974
34.6784348968067 -5.98448841353204 -43.2719370279486
34.7507826604492 -6.05020449512884 -41.2709225989105
34.806833720181 -6.09744568465641 -39.0197813662427
34.9227548661344 -6.18720142575974 -36.5185133299451
35.0223723840222 -6.25793051241738 -34.2673720972772
35.1246899113249 -6.32469410411383 -32.0162308646094
35.2292751253027 -6.3878461950274 -30.265343239201
35.3352131064348 -6.44870174303425 -29.5149628283118
35.4202803127576 -6.49683045268816 -29.5149628283118
35.5475649069054 -6.56957959173984 -30.0152164355713
35.6319948399695 -6.61881767341758 -30.5154700428308
35.7159918803328 -6.66879066106805 -31.0157236500903
35.7993275982681 -6.71985885469898 -32.0162308646094
35.9025102681942 -6.78527743154431 -32.7666112754987
36.0045355113083 -6.85248683071636 -34.0172452936474
36.1047664559517 -6.922343908421 -35.7681329190558
36.1835870919964 -6.98013758989243 -36.7686401335748
36.2806755160573 -7.05430019153855 -38.0192741517236
36.3571664149615 -7.11514379982517 -39.0197813662427
36.4325837965504 -7.17731309159198 -40.0202885807617
36.5253115858201 -7.25686062874248 -41.2709225989105
36.6346893096904 -7.35448397974567 -42.2714298134296
36.7064608448329 -7.4208289044031 -43.2719370279486
36.7595233524131 -7.47140381492542 -44.0223174388379
36.8649840752481 -7.57324605115022 -44.0223174388379
36.9358810333171 -7.64052475224556 -43.0218102243188
37.0264947353213 -7.72247236098824 -41.2709225989105
37.1010918848339 -7.78562350958504 -39.2699081698724
37.1975294294892 -7.86063053292559 -36.5185133299451
37.2974546119706 -7.93092428425258 -33.7671184900177
37.4003508581883 -7.99679245626192 -31.5159772573498
37.5263464187333 -8.07175193773763 -30.0152164355713
37.6325489229897 -8.13214466626684 -29.264836024682
37.7392744026696 -8.19160831530259 -29.0147092210522
37.8459998823495 -8.25107196433834 -29.264836024682
37.9736006918337 -8.3232650288192 -29.7650896319415
38.0582446621646 -8.37213424787504 -30.265343239201
38.1422417025279 -8.42210723552551 -31.2658504537201
38.2462718352581 -8.48616958838336 -32.0162308646094
38.3491680814758 -8.5520377603927 -33.2668648827582
38.4304346227196 -8.60633832722938 -34.2673720972772
38.5309694212725 -8.67575740133361 -35.0177525081665
38.6302773779928 -8.74692047674204 -36.2683865263153
38.7085906741762 -8.80539978868562 -37.2688937408343
38.8053545796569 -8.87998531117937 -38.0192741517236
38.8818454785612 -8.94082891946599 -39.0197813662427
38.9572628601501 -9.0029982112328 -40.0202885807617
39.0503368572254 -9.0821403911242 -40.770668991651
39.1241009928243 -9.1462625759268 -41.2709225989105
39.1975846413175 -9.21070600607015 -41.2709225989105
39.289964457378 -9.29065738600931 -40.5205421880212
39.4217072046367 -9.39974132406181 -38.7696545626129
39.4989879686057 -9.45957848479735 -36.7686401335748
39.6183435374156 -9.54471398464439 -34.2673720972772
39.7003138888168 -9.59794615326141 -31.7661040609796
39.8057167780552 -9.65972385562844 -29.0147092210522
39.935163656046 -9.72855198155525 -27.0136947920142
40.0446191838168 -9.78282666266854 -25.7630607738654
40.1550052647747 -9.83518281512754 -25.0126803629761
40.2658440303918 -9.88657368597067 -24.7625535593463
40.398715691722 -9.94853275920069 -25.2628071666058
40.4869329676769 -9.99061024139248 -25.7630607738654
40.5966242707301 -10.0444068175293 -26.5134411847546
40.7056020008384 -10.0996345995776 -27.2638215956439
40.7920993102722 -10.1451430355563 -28.264328810163
40.8993396378171 -10.2036730767115 -29.0147092210522
40.9844068441398 -10.2518017863654 -30.0152164355713
41.0686211325129 -10.301407793243 -31.0157236500903
41.1726512652431 -10.3654701461008 -32.2663576682391
41.2548531047612 -10.4183441459906 -33.2668648827582
41.3158917146683 -10.4589365022372 -34.0172452936475
41.3964405211512 -10.5142961631709 -35.0177525081665
41.4760109003578 -10.5710531630689 -36.0182597226855
41.5548315364025 -10.6288468445404 -36.5185133299451
41.6528824011246 -10.7017322442909 -36.7686401335748
41.7314501151467 -10.7598692944212 -36.2683865263153
41.830758071867 -10.8310323698296 -35.0177525081665
41.9117869093444 -10.885687010818 -33.0167380791284
41.9948990076603 -10.9371183378283 -30.5154700428308
42.1234338632907 -11.0076349743635 -27.0136947920142
42.2554831219727 -11.0713279757191 -24.5124267557165
42.3676291620826 -11.1197998155563 -22.2612855230487
42.504035501912 -11.1735317017553 -20.7605247012701
42.6185646698603 -11.2160678423726 -20.0101442903809
42.7563308034513 -11.2662106142896 -20.0101442903809
42.8480281592743 -11.3000395548522 -20.5103978976404
42.9851261415012 -11.3519813338885 -21.0106515048999
43.0988955080882 -11.3965098056335 -21.7610319157892
43.18935639136 -11.4335183300866 -22.7615391303082
43.2791576091907 -11.4720999780638 -23.7620463448273
43.3682718072595 -11.5122429972213 -24.7625535593463
43.4566718405182 -11.5539351596065 -25.7630607738654
43.5661273682891 -11.6082098407198 -27.0136947920142
43.6528224217121 -11.6533404289776 -28.0142020065332
43.7387166336895 -11.6999771809367 -29.0147092210523
43.8237838400123 -11.7481058905906 -30.0152164355713
43.9289161706688 -11.8103429102837 -31.2658504537201
44.0120282689846 -11.8617742372941 -32.2663576682391
44.1149245152024 -11.9276424093034 -33.0167380791284
44.1968948666036 -11.9808745779204 -33.0167380791284
44.2793266292341 -12.0333894024383 -32.0162308646094
44.3628843801968 -12.084093490425 -30.5154700428308
44.4479515865196 -12.1322222000789 -28.5144556137927
44.5348427333829 -12.1769740813945 -26.0131875774951
44.6456814990001 -12.2283649522376 -23.7620463448273
44.7586564089745 -12.2748721913065 -21.0106515048999
44.919510809212 -12.3330213006768 -18.7595102722321
45.0357863711647 -12.370521264172 -17.0086226468237
45.1293779003502 -12.3986891172891 -16.5083690395642
45.2699482153252 -12.4403279415757 -16.5083690395642
45.3635397445107 -12.4684957946928 -17.0086226468237
45.4801381238089 -12.5049796474854 -17.759003057713
45.5962489549631 -12.542986600247 -18.5093834686023
45.6886624637478 -12.5748071231626 -19.5098906831214
45.7576000638495 -12.5997281700356 -20.2602710940106
45.871753677737 -12.6432621338566 -21.5109051121594
45.9623751795248 -12.6798755972034 -22.5114123266785
46.0523438861754 -12.7180650474236 -23.5119195411975
46.1416323923494 -12.7578188516406 -24.5124267557166
46.2524711579666 -12.8092097224838 -25.2628071666058
46.3406884339215 -12.8512872046755 -25.7630607738654
46.406782384367 -12.8829895862824 -25.5129339702356
46.5173958606151 -12.9348635917366 -24.7625535593463
46.5842970339191 -12.9648249718048 -23.5119195411975
46.6970679429858 -13.0118247126319 -21.7610319157892
46.7883146357233 -13.0468510362897 -20.2602710940106
46.9037444698484 -13.0868786138255 -18.0091298613428
46.997212203055 -13.1154545675932 -16.0081154323047
47.1151530385672 -13.1473326617684 -14.2572278068964
47.2101909558536 -13.1701492470161 -12.7564669851178
47.3534605188834 -13.2012561184342 -11.7559597705988
47.4732337611263 -13.2253522594563 -11.0055793597095
47.5691764688445 -13.244001632642 -11.0055793597095
47.7368590079846 -13.2777362300729 -11.7559597705988
47.832461626723 -13.2980571939986 -12.2562133778583
47.9516807116316 -13.3247604403014 -13.0065937887476
48.0467186289181 -13.3475770255491 -14.0071010032666
48.1413438671502 -13.3720487760798 -15.0076082177857
48.2355276025636 -13.3981682375611 -16.0081154323047
48.3292411458803 -13.4259274537523 -17.0086226468238
48.4225833036171 -13.4549109641255 -17.5088762540833
48.5159254613538 -13.4838944744988 -17.0086226468238
48.6095169905393 -13.5120623276159 -16.5083690395642
48.7271751499054 -13.5449684228588 -14.7574814141559
48.7983400613534 -13.5625470082295 -13.0065937887476
48.9178984671683 -13.5876874371945 -10.7554525560797
49.0142964813946 -13.6038189324054 -8.25418451978213
49.1355260980221 -13.6189725993514 -6.00304328711429
49.2572571811809 -13.6293551309561 -3.75190205444644
49.4037253003444 -13.6357500671448 -1.25063401814883
49.5258957312406 -13.6365496821628 0.500253607259491
49.6480452288625 -13.6341509741185 1.75088762540829
49.7701528635223 -13.6301535840542 2.00101442903805
49.9166712112663 -13.6250370506063 2.00101442903805
50.0387788459262 -13.621039660542 1.75088762540829
50.1364837915162 -13.6184811664999 1.25063401814877
50.2342138561387 -13.6172018098732 0.25012680362973
50.3563866130282 -13.6174683499041 -0.500253607259552
50.47853611065 -13.6198670579484 -1.75088762540835
50.576199195968 -13.6237042510213 -2.7513948399274
50.722533400302 -13.632654434376 -4.25215566170596
50.8443086268652 -13.642505716781 -5.00253607259524
50.9416751407119 -13.6510241829496 -5.00253607259524
51.0634503672751 -13.6608754653547 -4.25215566170596
51.1609795398882 -13.6672678650532 -3.25164844718692
51.2830476416972 -13.6723306795177 -1.50076082177859
51.4052180725934 -13.6731302945357 0.750380410889252
51.5028969710894 -13.6697192722372 3.25164844718686
51.6247535283908 -13.6609310407762 5.00253607259518
51.746229149115 -13.6478954303487 7.25367730526303
51.891226447744 -13.6262254388757 9.75494534156063
52.0112054052189 -13.603175420811 12.0060865742285
52.1540555176312 -13.5701958737563 14.0071010032666
52.2956676400211 -13.5322510199235 16.0081154323046
52.4127335889312 -13.4972965184203 17.2587494504535
52.5525557966813 -13.4532107456583 17.759003057713
52.6921843135632 -13.4085153050238 17.759003057713
52.8086223925952 -13.3715230447402 17.5088762540832
52.9253788522945 -13.3355482940386 16.7584958431939
53.042596204122 -13.301104920219 16.0081154323046
53.1131910997417 -13.2813612630733 15.2577350214154
53.2077086593934 -13.2564768663155 14.2572278068963
53.3263168451401 -13.227179224031 13.506847396007
53.4214534135523 -13.2047775358076 13.0065937887475
53.5166868218272 -13.1827911711045 13.0065937887475
53.6356683404115 -13.155048572003 13.2567205923773
53.7305035292042 -13.131403503782 14.7574814141558
53.8480169890785 -13.0979843428423 17.0086226468237
53.9641278202327 -13.0599773900806 19.2597638794915
54.1016738539672 -13.0092339792367 21.2607783085296
54.2146487639417 -12.9627267401679 23.5119195411975
54.3257107087176 -12.911819982344 25.7630607738653
54.4563390877498 -12.8452614988008 28.2643288101629
54.5839398972339 -12.77306843432 30.7655968464605
54.6668267935959 -12.7212749531085 33.2668648827581
54.8079982273903 -12.6247033046979 35.518006115426
54.9063661802803 -12.5522464250123 37.2688937408343
55.003130085761 -12.4776609025186 38.0192741517236
55.079885736008 -12.4171516268686 38.5195277589831
55.1946220843643 -12.3258862144387 38.5195277589831
55.2713777346113 -12.2653769387888 38.0192741517236
55.3486584985802 -12.2055397780532 37.5190205444641
55.4460695927976 -12.1318015092038 36.7686401335748
55.5246373068197 -12.0736644590734 36.2683865263152
55.5840352097432 -12.0307070334833 35.518006115426
55.6636055889498 -11.9739500335853 35.518006115426
55.7429275623591 -11.9168463837986 36.0182597226855
55.8212408585426 -11.8583670718551 37.5190205444641
55.8979965087895 -11.7978577962051 39.0197813662426
55.9728684961841 -11.7350327391968 41.0207957952807
56.045502310717 -11.6696329588386 43.0218102243188
56.1332008830012 -11.5845728977707 45.2729514569867
56.2174924005384 -11.4961353851371 47.5240926896545
56.2982468919181 -11.4044567851721 49.7752339223223
56.375339839568 -11.3096784596318 52.0263751549902
56.4909272025109 -11.1520371875424 55.5281504058068
56.5713111883316 -11.029431233512 58.0294184421044
56.6335482080247 -10.9242989028555 60.7808132820318
56.6906695022527 -10.8163016282822 63.5322081219592
56.7532077458306 -10.683701578394 66.0334761582568
56.8002074866577 -10.5709306693272 68.7848709981841
56.8422434961796 -10.4562169932768 71.036012230852
56.8875477537499 -10.3167848255888 73.0370266598901
56.9273430021651 -10.1756815182437 75.5382946961877
56.9556044903418 -10.0568221818179 77.7894359288555
56.9848333561211 -9.91315771667288 79.2901967506341
57.0063109234043 -9.79288732267194 80.5408307687829
57.0292454138241 -9.64808464904561 81.5413379833019
57.0509154052972 -9.5030873504166 81.5413379833019
57.0653620662792 -9.40642248466393 81.5413379833019
57.0876645195289 -9.2615211191797 81.0410843760424
57.1029541798087 -9.16498600342881 81.0410843760424
57.1228556162401 -9.04444478061471 80.2907039651531
57.1394075722412 -8.94811807073087 80.2907039651531
57.1516638956137 -8.87584612719516 80.5408307687829
57.1669535558935 -8.77931101144427 81.5413379833019
57.1801336751964 -8.68246532625555 83.0420988050805
57.1931692856239 -8.56098970553134 84.7929864304888
57.2004125337064 -8.46352003003313 86.7940008595269
57.2049426790945 -8.34143099959914 89.0451420921947
57.2046761390636 -8.21925824270973 91.2962833248626
57.1990807519116 -8.09721339352646 94.0476781647899
57.1775256569526 -7.87836084168699 97.2993266119768
57.1592037613819 -7.7575694441777 100.050721451904
57.125469163951 -7.58988690503754 102.802116291832
57.0956542763609 -7.47140768302991 105.553511131759
57.0460033271763 -7.30773043891397 108.304905971686
56.9964621488321 -7.16974682833497 111.306427615243
56.9499549097633 -7.05677191836048 113.557568847911
56.8891577050142 -6.92336462832409 115.558583276949
56.8243147963495 -6.79187621691057 117.059344098728
56.7571869743761 -6.66153949661557 117.559597705987
56.7005374494125 -6.55329401222504 117.809724509617
56.6328415670257 -6.42325143209057 117.309470902358
56.5771388071645 -6.31451571526583 117.059344098728
56.533146888541 -6.22723734807021 116.559090491468
56.5008689428589 -6.16142256623831 115.808710080579
56.4485127903999 -6.05103648528043 115.05832966969
56.4075936415527 -5.96227598988898 114.55807606243
56.36706217172 -5.87333779653139 114.55807606243
56.3362276492141 -5.8068345371611 115.30845647332
56.282910202263 -5.69690954718994 116.559090491468
56.2377796140052 -5.61021449376696 118.560104920506
56.1892801879707 -5.52535809766837 121.061372956804
56.1238616111254 -5.42217542774226 123.812767796731
56.0540045334207 -5.32194448309882 126.063909029399
55.9798419317746 -5.22485605903793 128.815303869327
55.8856043462622 -5.11254807794606 131.316571905624
55.7865576487183 -5.00445757491361 133.817839941922
55.6483346239756 -4.86623455017091 136.319107978219
55.5591649058514 -4.7827179952898 137.569741996368
55.4689096291865 -4.70037579102202 137.819868799998
55.3786543525215 -4.61803358675424 137.569741996368
55.2887592195261 -4.53529835463822 137.319615192739
55.1995895014019 -4.45178179975712 136.569234781849
55.1289867760021 -4.38419439375112 136.06898117459
55.0592747911193 -4.31568861700044 135.068473960071
54.9907690143686 -4.24597663211766 134.067966745552
54.9231816083626 -4.17537390671777 133.567713138292
54.8565241538554 -4.10389253821432 132.567205923773
54.7911243734971 -4.03125872368138 131.566698709254
54.7270021886945 -3.95749458808248 130.566191494735
54.6641771316862 -3.8826226006879 129.565684280216
54.5866713707579 -3.7881815577433 129.315557476586
54.5401679142008 -3.73151693197654 129.565684280216
54.4618409613406 -3.63775584183155 130.316064691105
54.397718776538 -3.56399170623265 131.816825512884
54.3145920917333 -3.47445842838061 134.067966745552
54.245480579362 -3.40534691600926 136.06898117459
54.1737090442195 -3.33900199135182 138.570249210887
54.0806350471441 -3.25985981146042 140.821390443555
53.9845256993461 -3.18443271529868 143.072531676223
53.8861577464561 -3.11197583561307 144.323165694372
53.7865402285683 -3.04124674895543 145.073546105261
53.6664462664911 -2.95715605141551 145.073546105261
53.5866289963925 -2.9007467819776 144.573292498002
53.48763249152 -2.82915107266074 143.822912087112
53.3701625472448 -2.74143210474538 142.822404872593
53.2928817832759 -2.68159494400983 141.821897658074
53.1974343122596 -2.60533201824551 141.071517247185
53.1222889124378 -2.54283424892424 139.570756425406
53.030258828365 -2.46248054835546 138.320122407258
52.9400035517 -2.38013834408768 137.069488389109
52.869106593631 -2.31285964299234 136.06898117459
52.7821536402822 -2.22703751604675 134.818347156441
52.6970935792143 -2.13933894376261 133.567713138292
52.6139668944096 -2.04980566591057 132.317079120143
52.5328131496679 -1.95848029548178 131.066445101995
52.4693371117895 -1.88415940407323 130.065937887476
52.3914200131805 -1.79005744174557 129.315557476586
52.2986605672826 -1.67652555046892 129.315557476586
52.2364912755158 -1.60110816888003 129.815811083846
52.1573490956244 -1.50803417180466 131.066445101995
52.1084182237924 -1.45345193049117 132.817332727403
52.0237416284297 -1.36538304968 135.068473960071
51.9534344798731 -1.29748822553013 137.069488389109
51.8624640776839 -1.21593677247691 139.320629621777
51.7690456447976 -1.13720145659763 140.571263639926
51.6742673192574 -1.06010850894778 141.321644050815
51.5791535155642 -0.983429842315058 141.071517247185
51.5034655880465 -0.921590211716418 140.571263639926
51.4097044979015 -0.843263258856175 139.820883229036
51.3356612795597 -0.7794635401883 138.820376014517
51.2992020382695 -0.746922423187237 137.819868799998
51.2634613540178 -0.713593695933618 136.31910797822
51.2634613540178 -0.713593695933618 135.318600763701
51.2462969286287 -0.696203105263851 134.067966745552
51.2462969286287 -0.696203105263851 133.067459531033
51.2462969286287 -0.696203105263851 132.066952316514
51.2300661796804 -0.677938031178094 131.316571905624
51.2140759036925 -0.659462067965992 130.566191494735
51.2140759036925 -0.659462067965992 130.065937887476
51.2140759036925 -0.659462067965992 129.065430672957
51.1988233185397 -0.640372573762725 128.315050262067
51.2138247232078 -0.659660082693781 127.564669851178
51.1990770694379 -0.640177863850298 126.814289440289
51.213568445375 -0.659851454428303 126.063909029399
51.1993358302933 -0.639989863084242 125.31352861851
51.1853644147524 -0.619943674155554 124.563148207621
51.1990722368224 -0.640171025857595 123.812767796732
51.1990722368224 -0.640171025857595 122.812260582213
51.1990722368224 -0.640171025857595 122.312006974953
51.1990722368224 -0.640171025857595 121.311499760434
51.1865332063992 -0.619199071756269 120.561119349545
51.1865332063992 -0.619199071756269 119.560612135026
51.1746404765921 -0.597853975820292 118.810231724136
51.1746404765921 -0.597853975820292 117.809724509617
51.1634051411573 -0.576155649146334 117.059344098728
51.1743554917129 -0.597999182868956 116.308963687839
51.1636920023227 -0.576014184874723 115.558583276949
51.1636920023227 -0.576014184874723 114.55807606243
51.1538022742071 -0.553670429134442 113.307442044282
51.1633005437627 -0.576183381367127 112.557061633392
51.1540977733867 -0.553548029366566 111.806681222503
51.1540977733867 -0.553548029366566 110.806174007984
51.1540977733867 -0.553548029366566 109.805666793465
51.1540977733867 -0.553548029366566 108.805159578946
51.1463951297006 -0.530359251411985 108.054779168057
51.1537935817573 -0.553646867218384 107.304398757167
51.1537935817573 -0.553646867218384 106.303891542648
51.1537935817573 -0.553646867218384 105.303384328129
51.1537935817573 -0.553646867218384 104.30287711361
51.1479340533004 -0.529925230069048 103.552496702721
51.1479340533004 -0.529925230069048 102.551989488202
51.1530664252901 -0.553814744516634 101.801609077313
51.1530664252901 -0.553814744516634 100.801101862794
51.1530664252901 -0.553814744516634 99.8005946482745
51.1530664252901 -0.553814744516634 98.8000874337555
51.1530664252901 -0.553814744516634 98.299833826496
51.1530664252901 -0.553814744516634 97.2993266119769
51.1530664252901 -0.553814744516634 96.2988193974579
51.1530664252901 -0.553814744516634 95.2983121829389
51.1509899189692 -0.529468527884863 94.5479317720496
51.1509899189692 -0.529468527884863 93.5474245575305
51.1523219595303 -0.553866802633817 92.7970441466412
51.1523219595303 -0.553866802633817 91.7965369321222
51.1517356272808 -0.529439228925503 91.0461565212329
51.1520021622372 -0.553872384716333 90.2957761103436
51.1520021622372 -0.553872384716333 89.2952688958246
51.1520021622372 -0.553872384716333 88.2947616813055
51.1520021622372 -0.553872384716333 87.2942544667865
51.1520021622372 -0.553872384716333 86.794000859527
51.1520021622372 -0.553872384716333 85.7934936450079
51.1500319057562 -0.578227430028978 85.0431132341186
51.1523207911338 -0.553900261132658 84.2927328232294
51.1523207911338 -0.553900261132658 83.2922256087103
51.1523207911338 -0.553900261132658 82.2917183941913
51.1523207911338 -0.553900261132658 81.7914647869318
51.1486564120196 -0.578058540634516 81.0410843760425
51.1486564120196 -0.578058540634516 80.0405771615234
51.1530568399715 -0.55402343346557 79.2901967506341
51.1483421791826 -0.577998881666345 78.5398163397448
51.1483421791826 -0.577998881666345 78.0395627324853
51.1483421791826 -0.577998881666345 77.0390555179663
51.1426898815473 -0.601770748951509 76.288675107077
51.1426898815473 -0.601770748951509 75.288167892558
51.1426898815473 -0.601770748951509 74.7879142852984
51.1426898815473 -0.601770748951509 73.7874070707794
51.1356989812467 -0.625183938733525 73.0370266598901
51.1429957518052 -0.601864262873892 72.2866462490008
51.1353943612528 -0.625086429104732 71.5362658381115
51.1353943612528 -0.625086429104732 70.5357586235925
51.1353943612528 -0.625086429104732 70.035505016333
51.1268871331294 -0.6479922626944 69.2851246054437
51.1268871331294 -0.6479922626944 68.2846173909246
51.1268871331294 -0.6479922626944 67.2841101764056
51.117290723017 -0.670463556732264 66.5337297655163
51.117290723017 -0.670463556732264 66.0334761582568
51.117290723017 -0.670463556732264 65.0329689437378
51.1068194925252 -0.692540772923839 64.2825885328485
51.0960601772978 -0.714479033534472 63.5322081219592
51.0960601772978 -0.714479033534472 62.5317009074401
51.0846359184522 -0.73607848844913 61.7813204965509
51.0846359184522 -0.73607848844913 61.2810668892913
51.0846359184522 -0.73607848844913 60.2805596747723
51.0723724766757 -0.757212776669366 59.530179263883
51.0598334462525 -0.778184730770691 58.7797988529937
51.0598334462525 -0.778184730770691 57.7792916384747
51.0466598118506 -0.798763980014234 57.0289112275854
51.0466598118506 -0.798763980014234 56.5286576203259
51.0466598118506 -0.798763980014234 55.5281504058068
51.0466598118506 -0.798763980014234 54.5276431912878
51.0323406699872 -0.818563280988728 53.7772627803985
51.0177635900371 -0.838173453933154 53.0268823695092
51.0325961103664 -0.818755769120976 52.27650195862
51.017510691134 -0.837977638680576 51.5261215477307
51.0021749578075 -0.857000399419203 50.7757411368414
51.0021749578075 -0.857000399419203 50.2754875295819
51.0021749578075 -0.857000399419203 49.2749803150628
50.9861042176937 -0.875406416233769 48.5245999041736
50.9697939270831 -0.8936004966716 47.7742194932843
50.9697939270831 -0.8936004966716 46.7737122787652
50.9697939270831 -0.8936004966716 46.2734586715057
50.9697939270831 -0.8936004966716 45.2729514569867
50.9697939270831 -0.8936004966716 44.2724442424676
50.9521801509208 -0.910535815744139 43.5220638315783
50.9521801509208 -0.910535815744139 43.0218102243188
50.9521801509208 -0.910535815744139 42.0213030097998
50.9704452250066 -0.894305066795807 41.2709225989105
50.9519692617945 -0.910295342783638 40.5205421880212
50.9519692617945 -0.910295342783638 39.5200349735022
50.9330135966864 -0.925713932313607 38.7696545626129
50.9521694609179 -0.910544785721658 38.0192741517236
50.9328166798217 -0.925461890220409 37.2688937408343
50.9132702978603 -0.940124396656898 36.5185133299451
50.9132702978603 -0.940124396656898 35.518006115426
50.9132702978603 -0.940124396656898 35.0177525081665
50.9132702978603 -0.940124396656898 34.0172452936474
50.8929240945579 -0.953655182072412 33.2668648827582
50.8929240945579 -0.953655182072412 32.2663576682391
50.8721741708421 -0.966558313807302 31.5159772573498
50.8721741708421 -0.966558313807302 30.5154700428308
50.8510398826219 -0.978821755583816 29.7650896319415
50.8723328837095 -0.966836003731601 29.0147092210522
50.8508848182005 -0.97854201196264 28.264328810163
50.8292853632859 -0.989966270808255 27.5139483992737
50.8074898172642 -1.00101182721792 26.2633143811249
50.78550481927 -1.01167531660815 25.5129339702356
50.78550481927 -1.01167531660815 24.5124267557165
50.78550481927 -1.01167531660815 24.012173148457
50.763075611248 -1.02136968457558 22.7615391303082
50.7404806292531 -1.03067113238934 22.0111587194189
50.7404806292531 -1.03067113238934 21.0106515048999
50.7176121333779 -1.03927822476649 20.2602710940106
50.7176121333779 -1.03927822476649 19.2597638794916
50.6944914557745 -1.04718293285351 18.5093834686023
50.671236343384 -1.05468292555256 17.2587494504535
50.6478538799388 -1.06177591829321 16.5083690395642
50.6478538799388 -1.06177591829321 15.5078618250451
50.6478538799388 -1.06177591829321 14.5073546105261
50.6241580355373 -1.06773889581124 13.7569741996368
50.6241580355373 -1.06773889581124 12.7564669851178
50.600291142627 -1.07297545628465 12.0060865742285
50.600291142627 -1.07297545628465 11.0055793597095
50.5762754646831 -1.07748071495384 10.2551989488202
50.5762754646831 -1.07748071495384 9.25469173430113
50.5279750095217 -1.08491486603708 8.25418451978209
50.5279750095217 -1.08491486603708 7.25367730526305
50.5037160929728 -1.08783977811352 6.50329689437376
50.5037160929728 -1.08783977811352 5.50278967985472
50.479369876341 -1.08991628443445 4.25215566170592
50.4549911277237 -1.09156757442554 3.50177525081664
50.4549911277237 -1.09156757442554 2.50126803629759
50.4549911277237 -1.09156757442554 1.50076082177855
50.4549911277237 -1.09156757442554 1.00050721451903
50.503856160035 -1.09092789611221 0.500253607259509
50.5527235183007 -1.09050143713734 0.500253607259509
50.6260257768385 -1.09002166812649 0.250126803629748
50.7481962077347 -1.08922205310841 0.500253607259509
50.8459309242661 -1.08836913515867 0.500253607259509
50.9436656407976 -1.08751621720893 0.500253607259509
51.0169651081701 -1.08671661233987 0.750380410889269
51.1146951727927 -1.08543725571321 0.750380410889269
51.2368539739444 -1.08357154653995 1.00050721451903
51.3590127750961 -1.08170583736669 0.750380410889269
51.4567428397187 -1.08042648074003 0.750380410889269
51.5789016408704 -1.07856077156677 1.00050721451903
51.6766251929446 -1.0768550006203 1.00050721451903
51.7743487450187 -1.07514922967383 1.00050721451903
51.8720722970929 -1.07344345872736 1.00050721451903
51.9942217947147 -1.07104475068302 1.25063401814879
52.0919369737249 -1.06891259789216 1.25063401814879
52.189652152735 -1.0667804451013 1.25063401814879
52.2873673317452 -1.06464829231043 1.25063401814879
52.4095052002868 -1.06171663106297 1.50076082177855
52.5072101458768 -1.05915813702083 1.50076082177855
52.6049150914668 -1.05659964297869 1.50076082177855
52.7270390055991 -1.0531350843427 1.75088762540831
52.8247318576077 -1.05015029775932 1.75088762540831
52.9468394922675 -1.04615290769501 2.00101442903807
53.0445183907635 -1.04274188539642 2.00101442903807
53.1421972892595 -1.03933086309784 2.00101442903807
53.2398761877555 -1.03591984079925 2.00101442903807
53.3375550862515 -1.03250881850066 2.00101442903807
53.5084797288591 -1.02616661495734 2.25114123266783
53.6061428141771 -1.0223294218845 2.25114123266783
53.7038058994951 -1.01849222881166 2.25114123266783
53.8258949299291 -1.01396208342357 2.00101442903807
53.9235738284251 -1.01055106112498 2.00101442903807
54.0212527269211 -1.0071400388264 2.00101442903807
54.1189316254171 -1.00372901652781 2.00101442903807
54.2410392600769 -0.999731626463501 1.75088762540831
54.3387321120855 -0.99674683988012 1.75088762540831
54.436424964094 -0.993762053296739 1.75088762540831
54.5341178161025 -0.990777266713358 1.75088762540831
54.6318106681111 -0.987792480129977 1.75088762540831
54.7539345822434 -0.98432792149399 1.50076082177855
54.8516395278335 -0.981769427451849 1.50076082177855
54.9493444734235 -0.979210933409707 1.50076082177855
55.0470494190135 -0.976652439367565 1.50076082177855
55.1447543646035 -0.974093945325423 1.50076082177855
55.2180370857284 -0.972334948576946 1.25063401814879
55.3157522647386 -0.970202795786082 1.25063401814879
55.4134674437487 -0.968070642995218 1.25063401814879
55.5356169413706 -0.965671934950885 1.00050721451903
55.6333404934447 -0.963966164004414 1.00050721451903
55.7310640455189 -0.962260393057944 1.00050721451903
55.828787597593 -0.960554622111474 1.00050721451903
55.9265111496672 -0.958848851165003 1.00050721451903
56.0242347017413 -0.957143080218533 1.00050721451903
56.0975299824324 -0.956023654714576 0.750380410889269
56.2196887835841 -0.954157945541315 1.00050721451903
56.3418475847359 -0.952292236368054 0.750380410889269
56.4395776493584 -0.951012879741397 0.750380410889269
56.537307713981 -0.94973352311474 0.750380410889269
56.6350377786036 -0.948454166488083 0.750380410889269
56.7327678432261 -0.947174809861426 0.750380410889269
56.8304979078487 -0.94589545323477 0.750380410889269
56.9282279724713 -0.944616096608113 0.750380410889269
57.0259580370939 -0.943336739981456 0.750380410889269
57.1236881017164 -0.942057383354799 0.750380410889269
57.221418166339 -0.940778026728142 0.750380410889269
57.3435839452932 -0.939445351946366 0.500253607259509
57.4168862038309 -0.938965582935516 0.250126803629748
57.5146237115431 -0.938539119901027 0.250126803629748
57.6123612192553 -0.938112656866538 0.250126803629748
57.7100987269675 -0.937686193832048 0.250126803629748
57.8078362346797 -0.937259730797559 0.250126803629748
57.9055737423919 -0.93683326776307 0.250126803629748
58.0033112501041 -0.93640680472858 0.250126803629748
58.1010487578163 -0.935980341694091 0.250126803629748
58.2232215147057 -0.935713801663217 -1.25297861258452E-14
58.3209599528174 -0.935713801663217 -1.25297861258452E-14
58.4186983909291 -0.935713801663217 -1.25297861258452E-14
58.5164368290408 -0.935713801663217 -1.25297861258452E-14
58.6141752671524 -0.935713801663217 -1.25297861258452E-14
58.7363480240419 -0.935980341694091 -0.250126803629773
58.8340855317541 -0.936406804728581 -0.250126803629773
58.9562559626503 -0.937206419746664 -0.500253607259534
59.0539906791817 -0.938059337696401 -0.500253607259534
59.1517253957132 -0.938912255646139 -0.500253607259534
59.2494601122446 -0.939765173595876 -0.500253607259534
59.3471948287761 -0.940618091545613 -0.500253607259534
59.4204942961486 -0.941417696414679 -0.750380410889295
59.5182243607711 -0.942697053041336 -0.750380410889295
59.6159544253937 -0.943976409667992 -0.750380410889295
59.7136844900163 -0.945255766294649 -0.750380410889295
59.8114145546389 -0.946535122921306 -0.750380410889295
59.9335733557906 -0.948400832094567 -1.00050721451906
59.9824351318277 -0.949253717567803 -1.00050721451906
60.0801586839018 -0.950959488514273 -1.00050721451906
60.2023081815237 -0.953358196558607 -1.25063401814882
60.2755978800968 -0.954797421385207 -1.00050721451906
60.3733214321709 -0.956503192331677 -1.00050721451906
60.4710449842451 -0.958208963278148 -1.00050721451906
60.5687685363192 -0.959914734224618 -1.00050721451906
60.6664920883934 -0.961620505171089 -1.00050721451906
60.7642156404675 -0.963326276117559 -1.00050721451906
60.8375053390406 -0.964765500944159 -1.25063401814882
60.9352205180508 -0.966897653735023 -1.25063401814882
61.0329356970609 -0.969029806525887 -1.25063401814882
61.1306508760711 -0.971161959316751 -1.25063401814882
61.2283660550812 -0.973294112107615 -1.25063401814882
61.3260812340914 -0.975426264898479 -1.25063401814882
61.4237964131016 -0.977558417689343 -1.25063401814882
61.5459459107234 -0.979957125733677 -1.00050721451906
61.6436694627976 -0.981662896680147 -1.00050721451906
61.7413930148717 -0.983368667626618 -1.00050721451906
61.8146827134448 -0.984807892453218 -1.25063401814882
61.912397892455 -0.986940045244082 -1.25063401814882
62.0101130714651 -0.989072198034946 -1.25063401814882
62.1078282504753 -0.99120435082581 -1.25063401814882
62.2055434294854 -0.993336503616674 -1.25063401814882
62.3032586084956 -0.995468656407538 -1.25063401814882
62.4009737875058 -0.997600809198402 -1.25063401814882
62.4986889665159 -0.999732961989266 -1.25063401814882
62.5719716876409 -1.00149195873774 -1.50076082177858
62.6452544087658 -1.00325095548622 -1.25063401814882
62.742969587776 -1.00538310827708 -1.25063401814882
62.8406847667861 -1.00751526106795 -1.25063401814882
62.9139744653592 -1.00895448589455 -1.00050721451906
62.9872641639323 -1.01039371072115 -1.25063401814882
63.0849793429425 -1.01252586351201 -1.25063401814882
63.1826945219526 -1.01465801630288 -1.25063401814882
63.2559772430776 -1.01641701305135 -1.50076082177858
63.3536821886676 -1.0189755070935 -1.50076082177858
63.4513871342576 -1.02153400113564 -1.50076082177858
63.5246698553826 -1.02329299788412 -1.25063401814882
63.6223850343927 -1.02542515067498 -1.25063401814882
63.7201002134029 -1.02755730346584 -1.25063401814882
63.7933829345278 -1.02931630021432 -1.50076082177858
63.8666656556528 -1.0310752969628 -1.25063401814882
64.013238424168 -1.03427352614909 -1.25063401814882
64.0865211452929 -1.03603252289757 -1.50076082177858
64.1598038664179 -1.03779151964605 -1.25063401814882
64.257519045428 -1.03992367243691 -1.25063401814882
64.3552342244382 -1.04205582522778 -1.25063401814882
64.4529494034484 -1.04418797801864 -1.25063401814882
64.5262321245733 -1.04594697476712 -1.50076082177858
64.6239370701633 -1.04850546880926 -1.50076082177858
64.7460749387049 -1.05143713005672 -1.25063401814882
64.8193576598298 -1.0531961268052 -1.50076082177858
64.9170626054199 -1.05575462084734 -1.50076082177858
65.0147675510099 -1.05831311488948 -1.50076082177858
65.1124724965999 -1.06087160893162 -1.50076082177858
65.2101774421899 -1.06343010297377 -1.50076082177858
65.2834601633148 -1.06518909972224 -1.25063401814882
65.381175342325 -1.06732125251311 -1.25063401814882
65.4788905213351 -1.06945340530397 -1.25063401814882
65.601040018957 -1.07185211334831 -1.00050721451905
65.6987635710311 -1.07355788429478 -1.00050721451905
65.7964871231053 -1.07526365524125 -1.00050721451905
65.8942106751795 -1.07696942618772 -1.00050721451905
65.9919342272536 -1.07867519713419 -1.00050721451905
66.0896577793278 -1.08038096808066 -1.00050721451905
66.1873813314019 -1.08208673902713 -1.00050721451905
66.260676612093 -1.08320616453108 -0.750380410889294
66.3584066767156 -1.08448552115774 -0.750380410889294
66.5050017736494 -1.08640455609773 -0.750380410889294
66.602731838272 -1.08768391272438 -0.750380410889294
66.7493269352059 -1.08960294766437 -0.750380410889294
66.8470569998285 -1.09088230429103 -0.750380410889294
66.944787064451 -1.09216166091768 -0.750380410889294
67.0425171290736 -1.09344101754434 -0.750380410889294
67.1646829080278 -1.09477369232612 -0.500253607259534
67.2624176245592 -1.09562661027585 -0.500253607259534
67.3601523410907 -1.09647952822559 -0.500253607259534
67.4578870576221 -1.09733244617533 -0.500253607259534
67.5556217741536 -1.09818536412506 -0.500253607259534
67.653356490685 -1.0990382820748 -0.500253607259534
67.7510912072165 -1.09989120002454 -0.500253607259534
67.8732616381127 -1.10069081504262 -0.250126803629773
67.9709991458249 -1.10111727807711 -0.250126803629773
68.0687366535371 -1.1015437411116 -0.250126803629773
68.1664741612493 -1.10197020414609 -0.250126803629773
68.2886469181387 -1.10223674417696 -1.22314578847537E-14
68.3863853562504 -1.10223674417696 -1.22314578847537E-14
68.484123794362 -1.10223674417696 -1.22314578847537E-14
68.6062965512515 -1.10250328420784 -0.250126803629773
68.7040340589636 -1.10292974724233 -0.250126803629773
68.8017715666758 -1.10335621027682 -0.250126803629773
68.9483778282441 -1.10399590482855 -0.250126803629773
69.0461153359563 -1.10442236786304 -0.250126803629773
69.1438528436685 -1.10484883089753 -0.250126803629773
69.2660256005579 -1.1051153709284 -1.22314578847537E-14
69.3637640386696 -1.1051153709284 -1.22314578847537E-14
69.485936795559 -1.10538191095928 -0.250126803629773
69.6325430571273 -1.10602160551101 -0.250126803629773
69.7302805648395 -1.1064480685455 -0.250126803629773
69.8524533217289 -1.10671460857637 -1.22314578847537E-14
69.9501917598406 -1.10671460857637 -1.22314578847537E-14
70.0967994170081 -1.10671460857637 -1.22314578847537E-14
70.2189721738975 -1.10698114860725 -0.250126803629773
70.341144930787 -1.10724768863812 -1.22314578847537E-14
70.4388833688986 -1.10724768863812 -1.22314578847537E-14
70.5610561257881 -1.107514228669 -0.250126803629773
70.6587936335003 -1.10794069170349 -0.250126803629773
70.7809663903897 -1.10820723173436 -1.22314578847537E-14
70.9031391472791 -1.10847377176523 -0.250126803629773
71.0253119041685 -1.10874031179611 -1.22314578847537E-14
71.1230503422802 -1.10874031179611 -1.22314578847537E-14
71.2696579994477 -1.10874031179611 -1.22314578847537E-14
71.3673964375594 -1.10874031179611 -1.22314578847537E-14
71.5140040947269 -1.10874031179611 -1.22314578847537E-14
71.6117425328386 -1.10874031179611 -1.22314578847537E-14
71.7094809709502 -1.10874031179611 -1.22314578847537E-14
71.8560886281178 -1.10874031179611 -1.22314578847537E-14
71.9538270662294 -1.10874031179611 -1.22314578847537E-14
72.0515655043411 -1.10874031179611 -1.22314578847537E-14
72.1493039424528 -1.10874031179611 -1.22314578847537E-14
72.2959115996203 -1.10874031179611 -1.22314578847537E-14
72.393650037732 -1.10874031179611 -1.22314578847537E-14
72.4913884758437 -1.10874031179611 -1.22314578847537E-14
72.5891269139553 -1.10874031179611 -1.22314578847537E-14
72.7601687736005 -1.10911346783933 -0.250126803629773
72.8823415304899 -1.10938000787021 -1.20822937642079E-14
72.9800799686016 -1.10938000787021 -1.20822937642079E-14
73.0778184067133 -1.10938000787021 -1.20822937642079E-14
73.175556844825 -1.10938000787021 -1.20822937642079E-14
73.2732952829366 -1.10938000787021 -1.20822937642079E-14
73.3954680398261 -1.10911346783933 0.250126803629749
73.4932055475383 -1.10868700480484 0.250126803629749
73.5909430552504 -1.10826054177035 0.250126803629749
73.6886814933621 -1.10826054177035 -0.250126803629773
73.7864162098936 -1.10911345972009 -0.750380410889294
73.9085657075154 -1.11151216776442 -1.50076082177858
73.9818302883113 -1.11391060180301 -2.25114123266786
74.0794561695167 -1.11859990914821 -3.2516484471869
74.1769853421299 -1.12499230884678 -4.25215566170594
74.27438809782 -1.13308585371185 -5.25266287622498
74.3716347667641 -1.14287807837125 -6.25317009074403
74.4686957266849 -1.15436600001849 -7.25367730526307
74.5897166019052 -1.17110521536602 -8.50431132341187
74.6862517176561 -1.18639487564588 -9.50481853793091
74.7825052892758 -1.20336697731199 -10.50532575245
74.8784479969939 -1.22201635049775 -11.505832966969
74.9978955692319 -1.2476782104462 -12.7564669851178
75.0930321376441 -1.27007989866954 -13.7569741996368
75.2113801402391 -1.3004114639329 -15.0076082177856
75.3055638756526 -1.32653092541429 -16.0081154323047
75.4226298245626 -1.3614854269174 -17.2587494504535
75.5158446297294 -1.39087594209207 -17.759003057713
75.608799408188 -1.42107878047225 -18.2592566649725
75.7249102393422 -1.45908573323393 -18.0091298613428
75.8179959172635 -1.48888269365694 -17.5088762540833
75.9114636504701 -1.51745864742459 -16.5083690395642
76.0289771103444 -1.55087780836435 -15.2577350214154
76.1471916403514 -1.58172547383162 -14.0071010032666
76.2422295576378 -1.60454205907931 -13.0065937887476
76.3613309931441 -1.63176524092653 -12.7564669851178
76.4566594281748 -1.65333586352079 -12.7564669851178
76.5281202894786 -1.66966977262912 -13.0065937887476
76.6469796259044 -1.69793126080585 -13.7569741996368
76.7418148146971 -1.72157632902678 -14.2572278068964
76.8363323743488 -1.74646072578458 -15.2577350214154
76.9069272699684 -1.76620438293031 -16.0081154323047
77.0006408132851 -1.79396359912142 -17.0086226468237
77.0938556184519 -1.82335411429609 -18.0091298613428
77.1865432913361 -1.85436697581869 -19.0096370758618
77.2786755983747 -1.88699273687116 -20.0101442903809
77.3702244751745 -1.92122145933065 -21.0106515048999
77.4611620350607 -1.95704271679669 -22.011158719419
77.5741369450352 -2.00354995586552 -22.7615391303082
77.6191212983605 -2.0226446809756 -23.2617927375678
77.7312673384705 -2.07111652081275 -23.5119195411975
77.7985549625365 -2.10019962471504 -23.2617927375678
77.8886894451327 -2.13799615010608 -22.2612855230487
78.0022634372231 -2.18302060890564 -21.0106515048999
78.1171594373927 -2.2245556870273 -18.7595102722321
78.210245115314 -2.25435264745031 -16.758495843194
78.3041973320916 -2.28129301209309 -15.2577350214154
78.4459736715691 -2.31861960722979 -14.2572278068964
78.5408088603618 -2.34226467545072 -13.7569741996369
78.6594170461085 -2.37156231773521 -14.0071010032666
78.7541481613928 -2.39562095613191 -14.5073546105261
78.8249954454636 -2.41443886315757 -15.2577350214154
78.9426536048297 -2.44734495840045 -16.0081154323047
79.0363671481464 -2.47510417459156 -17.0086226468237
79.1295819533131 -2.50449468976624 -18.0091298613428
79.2222696261973 -2.53550755128883 -19.0096370758618
79.3144019332359 -2.56813331234131 -20.0101442903809
79.4059508100357 -2.60236203480079 -21.0106515048999
79.496888369922 -2.63818329226684 -22.011158719419
79.587186912433 -2.67558617323742 -23.011665933938
79.6546007945466 -2.70437540357469 -23.2617927375678
79.7444020123773 -2.74295705155187 -23.2617927375678
79.8567584825666 -2.79093910211397 -23.011665933938
79.9470570250776 -2.82834198308456 -22.011158719419
80.0154345701249 -2.85476096524403 -20.2602710940106
80.1306886527405 -2.89529181781308 -18.5093834686023
80.2239034579073 -2.92468233298775 -16.5083690395642
80.3415616172734 -2.95758842823063 -14.7574814141559
80.4363968060661 -2.98123349645156 -13.2567205923773
80.5556158909746 -3.00793674275434 -12.0060865742285
80.6990198190823 -3.03841818864287 -12.0060865742285
80.842289382112 -3.06952506006099 -12.5063401814881
80.9376178171427 -3.09109568265524 -13.0065937887476
81.0564771535685 -3.11935717083197 -13.7569741996369
81.1275646867731 -3.13724610338607 -14.5073546105261
81.2219727683663 -3.16254267260794 -15.5078618250452
81.3159249851439 -3.18948303725073 -16.5083690395642
81.4093927183505 -3.21805899101838 -17.5088762540833
81.5023474968091 -3.24826182939856 -18.5093834686023
81.5947610055938 -3.2800823523141 -19.5098906831214
81.7098371424283 -3.32111570826743 -19.7600174867511
81.8018262161476 -3.3541431604969 -19.7600174867511
81.870978665717 -3.37846167203833 -19.0096370758619
81.9869225554899 -3.41697489046885 -17.7590030577131
82.0803902886965 -3.4455508442365 -16.2582422359345
82.1510706599862 -3.46498628607333 -14.5073546105262
82.269805551343 -3.49376612526726 -12.7564669851178
82.365495926664 -3.51366975195803 -10.7554525560798
82.4617494982837 -3.53064185362414 -9.25469173430119
82.6066508637679 -3.55294430687383 -8.25418451978215
82.7034381181186 -3.56654686838883 -7.75393091252262
82.8002838033073 -3.57972698769169 -7.75393091252262
82.9454646848333 -3.60013082996418 -8.25418451978215
83.042129550586 -3.6145774909462 -8.75443812704167
83.1386646663369 -3.62986715122607 -9.25469173430119
83.2349913762207 -3.64641910722726 -10.2551989488202
83.3310145436166 -3.66464967517704 -11.2557061633393
83.4267049189376 -3.68455330186781 -12.2562133778583
83.5458063544439 -3.71177648371503 -13.5068473960071
83.6644145401906 -3.74107412599952 -14.2572278068964
83.7590397784226 -3.7655458765302 -14.7574814141559
83.8535573380743 -3.790430273288 -14.7574814141559
83.9482884533586 -3.8144889116847 -13.7569741996369
84.067269971943 -3.84223151078622 -12.5063401814881
84.1630462820397 -3.86171742130571 -10.50532575245
84.259444296266 -3.8778489165166 -8.50431132341191
84.3321417017499 -3.88725840752011 -6.25317009074406
84.4781914725198 -3.90003610677304 -3.75190205444646
84.5758173537252 -3.90472541411823 -1.75088762540837
84.7224124506591 -3.90664444905822 0.250126803629714
84.8689977787703 -3.90408579263851 1.75088762540828
84.9910868092043 -3.89955564725043 2.50126803629756
85.1131316583876 -3.89396026009835 2.75139483992732
85.2351765075709 -3.88836487294628 2.50126803629756
85.3572655380048 -3.88383472755819 1.75088762540828
85.4794034065464 -3.88090306631073 1.000507214519
85.577133471169 -3.87962370968407 0.500253607259475
85.6748719092807 -3.87962370968407 -0.500253607259568
85.7970307104324 -3.88148941885733 -1.25063401814885
85.9191383450922 -3.88548680892164 -2.50126803629765
86.0167428360714 -3.89060204354191 -3.5017752508167
86.1386365791581 -3.89885849349736 -4.25215566170598
86.2360737222836 -3.90652696296945 -4.7524092689655
86.3578489488468 -3.91637824537449 -4.50228246533574
86.5041427077665 -3.92596684492234 -3.00152164355717
86.6262317382005 -3.93049699031043 -1.25063401814885
86.7239692459127 -3.93092345334492 0.750380410889236
86.8705085239255 -3.92644627346985 2.75139483992732
86.9924022670122 -3.9181898235144 5.00253607259517
87.1382067920939 -3.90286515040741 7.00355050163325
87.259153476909 -3.88559804289665 9.2546917343011
87.4034213781485 -3.85951015658665 11.2557061633392
87.5228689503864 -3.8338482966382 13.0065937887475
87.6416038417432 -3.80506845744427 14.2572278068963
87.7835416990913 -3.76836083164825 14.7574814141558
87.9017562290983 -3.73751316618098 14.5073546105261
88.0201042316933 -3.70718160091762 14.2572278068963
88.13871241744 -3.67788395863314 13.506847396007
88.2101013285906 -3.66123839917222 12.7564669851177
88.3295489008285 -3.63557653922378 11.5058329669689
88.4254916085467 -3.61692716603802 10.5053257524499
88.5458545709289 -3.59597458013252 9.2546917343011
88.6424554812517 -3.58110627796606 8.25418451978206
88.763476356472 -3.56436706261853 7.50380410889277
88.8846386989452 -3.54868457761269 7.25367730526301
89.0058010414184 -3.53300209260685 7.50380410889277
89.1025882957691 -3.51939953109185 8.50431132341182
89.22321520724 -3.50002424274457 9.75494534156062
89.2952622410717 -3.48650846673698 11.5058329669689
89.4144813259803 -3.4598052204342 13.7569741996368
89.508998885632 -3.4349208236764 15.7579886286749
89.6724579292109 -3.38455617269414 18.5093834686022
89.8106563897689 -3.33561753111543 20.5103978976403
89.9470627295982 -3.28188564491635 22.5114123266784
90.0817645563443 -3.22401317295058 24.012173148457
90.1930475658196 -3.17359149733709 24.7625535593463
90.3259192271497 -3.11163242410708 25.2628071666058
90.4365327033978 -3.05975841865286 25.012680362976
90.5473714690149 -3.00836754780973 24.7625535593463
90.6364856670836 -2.96822452865226 23.7620463448272
90.7262868849143 -2.92964288067508 22.7615391303082
90.8394636449171 -2.88362902879529 21.5109051121594
90.9307103376546 -2.84860270513744 20.5103978976403
91.0456063378242 -2.80706762701579 19.2597638794915
91.138157809682 -2.7756506357296 18.2592566649725
91.2542686408362 -2.73764368296792 18.0091298613427
91.3472234192948 -2.70744084458774 18.0091298613427
91.439911092179 -2.67642798306515 19.0096370758618
91.5549872290135 -2.63539462711182 20.2602710940106
91.6233647740609 -2.60897564495234 22.0111587194189
91.7133334807115 -2.57078619473219 24.012173148457
91.8019145882649 -2.52948014591218 26.0131875774951
91.9106503050897 -2.47377738605093 28.2643288101629
91.9959267020796 -2.42602030907882 30.265343239201
92.1423460016486 -2.33760738179982 32.0162308646093
92.2449538651617 -2.27129086866152 33.7671184900176
92.3460906236719 -2.20275175831132 34.5174989009069
92.4466254222248 -2.13333268420709 34.7676257045367
92.5674486319491 -2.05029319280647 34.2673720972771
92.6889918881652 -1.96831123132391 33.7671184900176
92.7707291908522 -1.91472190744343 32.7666112754986
92.8739118607783 -1.8493033305981 32.0162308646093
92.9572475787136 -1.79823513696717 31.0157236500903
93.0204893122566 -1.76116851554695 29.7650896319415
93.1272147919365 -1.7017048665112 28.5144556137927
93.2349618005801 -1.6441128905258 27.7640752029034
93.300056780602 -1.61040688422145 27.0136947920141
93.4090345107103 -1.55517910217313 26.7635679883843
93.5177702275351 -1.49947634231188 27.5139483992736
93.6038671124343 -1.45321481731369 29.0147092210522
93.6887235085329 -1.40471539127923 30.5154700428307
93.7927536412631 -1.34065303842139 32.7666112754986
93.8740201825069 -1.28635247158471 34.7676257045367
93.9730166873794 -1.21475676226786 37.0187669372045
94.0500356276521 -1.15458297126399 39.0197813662426
94.162343608744 -1.06034538575154 41.0207957952807
94.2536689791728 -0.979191641009881 42.2714298134295
94.3613262818865 -0.879674254023728 43.2719370279485
94.4325161228487 -0.812705538728538 43.2719370279485
94.5397381756039 -0.712719356967682 42.771683420689
94.5757683432814 -0.679703791119731 42.2714298134295
94.5939624237192 -0.663393500509086 41.5210494025402
94.5939624237192 -0.663393500509086 40.5205421880212
94.5939624237192 -0.663393500509086 39.5200349735021
94.5939624237192 -0.663393500509086 38.5195277589831
94.6132499326502 -0.648392095840977 37.2688937408343
94.6328601055947 -0.633815015890876 36.0182597226855
94.6328601055947 -0.633815015890876 35.0177525081664
94.6529670653053 -0.619931201070031 34.2673720972772
94.6732540359248 -0.606311767680064 33.5169916863879
94.6732540359248 -0.606311767680064 32.5164844718688
94.6939474617618 -0.593318220438881 31.7661040609796
94.6730857285024 -0.606039785916157 31.0157236500903
94.6941121946337 -0.593592381977542 30.265343239201
94.6941121946337 -0.593592381977542 29.264836024682
94.7155089790381 -0.581792900635889 28.5144556137927
94.7155089790381 -0.581792900635889 28.0142020065331
94.7155089790381 -0.581792900635889 27.0136947920141
94.7373525127607 -0.570842550080284 26.2633143811248
94.7373525127607 -0.570842550080284 25.7630607738653
94.7373525127607 -0.570842550080284 24.7625535593463
94.7373525127607 -0.570842550080284 24.2622999520867
94.7373525127607 -0.570842550080284 23.2617927375677
94.7373525127607 -0.570842550080284 22.7615391303082
94.7373525127607 -0.570842550080284 21.7610319157891
94.7373525127607 -0.570842550080284 21.2607783085296
94.7601832355382 -0.562135757316073 20.5103978976403
94.7601832355382 -0.562135757316073 19.5098906831213
94.7601832355382 -0.562135757316073 18.5093834686022
94.7601832355382 -0.562135757316073 18.0091298613427
94.7601832355382 -0.562135757316073 17.0086226468237
94.7601832355382 -0.562135757316073 16.5083690395641
94.7601832355382 -0.562135757316073 15.5078618250451
94.7601832355382 -0.562135757316073 14.5073546105261
94.7601832355382 -0.562135757316073 13.506847396007
94.7601832355382 -0.562135757316073 12.506340181488
94.7601832355382 -0.562135757316073 11.5058329669689
94.7601832355382 -0.562135757316073 10.5053257524499
94.7601832355382 -0.562135757316073 10.0050721451904
94.7601832355382 -0.562135757316073 9.00456493067132
94.7601832355382 -0.562135757316073 8.00405771615228
94.7844017878507 -0.558893556417321 7.253677305263
94.7601428713018 -0.561818468493762 6.50329689437372
94.7601428713018 -0.561818468493762 5.50278967985468
94.7601428713018 -0.561818468493762 4.50228246533563
94.7357715598415 -0.563576114785954 3.75190205444635
94.7357715598415 -0.563576114785954 2.75139483992731
94.7601851802034 -0.562563551893069 2.00101442903803
94.7601851802034 -0.562563551893069 1.50076082177851
94.8090427697084 -0.561497475497637 1.00050721451898
94.8823380503995 -0.56037804999368 0.750380410889224
94.980068115022 -0.559098693367024 0.750380410889224
95.0533633957131 -0.557979267863067 1.00050721451898
95.1510869477872 -0.556273496916597 1.00050721451898
95.2488021267974 -0.554141344125733 1.50076082177851
95.3465070723874 -0.551582850083591 1.50076082177851
95.4197897935124 -0.549823853335114 1.25063401814875
95.4930725146373 -0.548064856586636 1.50076082177851
95.5907774602273 -0.545506362544495 1.50076082177851
95.6640518087067 -0.543427627362903 1.75088762540827
95.8105910867195 -0.538950447487831 1.75088762540827
95.8838556675154 -0.536552013449246 2.00101442903803
95.9815345660114 -0.53314099115066 2.00101442903803
96.0792134645074 -0.529729968852074 2.00101442903803
96.1768923630034 -0.526318946553487 2.00101442903803
96.2745712614994 -0.522907924254901 2.00101442903803
96.3478358422953 -0.520509490216316 1.75088762540827
96.4211004230912 -0.518111056177731 2.00101442903803
96.5187793215872 -0.514700033879144 2.00101442903803
96.5920327398476 -0.511981946646293 2.25114123266779
96.6896958251656 -0.508144753573449 2.25114123266779
96.7873589104836 -0.504307560500605 2.25114123266779
96.860599771569 -0.50126987182195 2.50126803629755
96.9338266810789 -0.497912639530705 2.75139483992731
97.0070535905889 -0.49455540723946 2.50126803629755
97.0802805000988 -0.491198174948215 2.75139483992731
97.1779063813043 -0.486508867603017 2.75139483992731
97.251117945104 -0.482832155616045 3.00152164355707
97.3487224360831 -0.477716920995779 3.00152164355707
97.4219172603299 -0.473720799312377 3.25164844718683
97.4951120845768 -0.469724677628976 3.00152164355707
97.5683069088236 -0.465728555945574 3.25164844718683
97.6658881513276 -0.460187491436932 3.25164844718683
97.7390829755745 -0.456191369753531 3.00152164355707
97.8366874665536 -0.451076135133264 3.00152164355707
97.9098822908005 -0.447080013449863 3.25164844718683
97.9830589819705 -0.442764558150428 3.50177525081659
98.0806151181932 -0.436797769247292 3.50177525081659
98.1781712544159 -0.430830980344156 3.50177525081659
98.2757273906386 -0.424864191441019 3.50177525081659
98.348884555553 -0.420229484685599 3.75190205444635
98.4708131637439 -0.412504973426566 3.50177525081659
98.5439703286584 -0.407870266671146 3.75190205444635
98.6414995012716 -0.401477866972575 3.75190205444635
98.7390286738847 -0.395085467274004 3.75190205444635
98.8121858387992 -0.390450760518584 3.50177525081659
98.9097419750219 -0.384483971615448 3.50177525081659
99.0072981112446 -0.378517182712312 3.50177525081659
99.1048542474673 -0.372550393809176 3.50177525081659
99.1780114123818 -0.367915687053756 3.75190205444635
99.2755405849949 -0.361523287355185 3.75190205444635
99.3730697576081 -0.355130887656615 3.75190205444635
99.4705989302212 -0.348738487958044 3.75190205444635
99.5681281028344 -0.342346088259474 3.75190205444635
99.6656572754475 -0.335953688560903 3.75190205444635
99.7631864480606 -0.329561288862332 3.75190205444635
99.8607156206738 -0.323168889163762 3.75190205444635
99.958244793287 -0.316776489465191 3.75190205444635
100.0557739659 -0.310384089766621 3.75190205444635
100.153303138513 -0.30399169006805 3.75190205444635
100.250803490702 -0.297173801276121 4.25215566170587
100.3482731662 -0.289930553193608 4.25215566170587
100.445742841698 -0.282687305111094 4.25215566170587
100.543212517197 -0.275444057028581 4.25215566170587
100.640682192695 -0.268200808946068 4.25215566170587
100.738151868193 -0.260957560863555 4.25215566170587
100.835621543691 -0.253714312781042 4.25215566170587
100.933091219189 -0.246471064698529 4.25215566170587
101.054947776491 -0.23768283323757 4.00202885807611
101.176804333792 -0.228894601776611 4.25215566170587
101.27427400929 -0.221651353694098 4.25215566170587
101.371743684789 -0.214408105611585 4.25215566170587
101.469213360287 -0.207164857529072 4.25215566170587
101.566683035785 -0.199921609446559 4.25215566170587
101.664152711283 -0.192678361364045 4.25215566170587
101.761622386781 -0.185435113281532 4.25215566170587
101.883439438324 -0.176115267630323 4.50228246533563
101.98087658145 -0.168446798158228 4.50228246533563
102.078313724575 -0.160778328686134 4.50228246533563
102.175750867701 -0.153109859214039 4.50228246533563
102.273188010826 -0.145441389741945 4.50228246533563
102.370625153952 -0.137772920269851 4.50228246533563
102.468062297077 -0.130104450797756 4.50228246533563
102.565499440203 -0.122435981325662 4.50228246533563
102.662936583328 -0.114767511853567 4.50228246533563
102.760373726454 -0.107099042381473 4.50228246533563
102.906529441142 -0.0955963381733311 4.50228246533563
103.003966584268 -0.0879278687012367 4.50228246533563
103.101403727393 -0.0802593992291422 4.50228246533563
103.198840870519 -0.0725909297570478 4.50228246533563
103.296278013644 -0.0649224602849533 4.50228246533563
103.418095065187 -0.0556026146337438 4.25215566170587
103.53991211673 -0.0462827689825343 4.50228246533563
103.637349259856 -0.0386142995104399 4.50228246533563
103.734786402981 -0.0309458300383454 4.50228246533563
103.832223546107 -0.023277360566251 4.50228246533563
104.002708863295 -0.00948556519920438 4.75240926896539
104.124484089858 3.65717205828904E-4 4.50228246533563
104.221921232984 0.00803418667792335 4.50228246533563
104.319358376109 0.0157026561500178 4.50228246533563
104.465514090798 0.0272053603581595 4.50228246533563
104.562951233923 0.0348738298302539 4.50228246533563
104.660388377049 0.0425422993023483 4.50228246533563
104.806544091737 0.05404500351049 4.50228246533563
104.903981234863 0.0617134729825845 4.50228246533563
105.001418377988 0.0693819424546789 4.50228246533563
105.098855521114 0.0770504119267734 4.50228246533563
105.245011235802 0.088553116134915 4.50228246533563
105.342448378928 0.0962215856070095 4.50228246533563
105.439885522053 0.103890055079104 4.50228246533563
105.561702573596 0.113209900730313 4.25215566170587
105.659172249094 0.120453148812827 4.25215566170587
105.780989300637 0.129772994464036 4.50228246533563
105.878426443762 0.137441463936131 4.50228246533563
106.000243495305 0.14676130958734 4.25215566170587
106.097713170804 0.154004557669853 4.25215566170587
106.195182846302 0.161247805752366 4.25215566170587
106.2926525218 0.16849105383488 4.25215566170587
106.390122197298 0.175734301917393 4.25215566170587
106.487591872796 0.182977549999906 4.25215566170587
106.609448430098 0.191765781460865 4.00202885807611
106.731304987399 0.200554012921823 4.25215566170587
106.828774662897 0.207797261004337 4.25215566170587
106.95059171444 0.217117106655546 4.50228246533563
107.048028857566 0.224785576127641 4.50228246533563
107.169845909108 0.23410542177885 4.25215566170587
107.267315584607 0.241348669861363 4.25215566170587
107.364785260105 0.248591917943876 4.25215566170587
107.462254935603 0.255835166026389 4.25215566170587
107.559724611101 0.263078414108903 4.25215566170587
107.657161754227 0.270746883580997 4.75240926896539
107.754564509917 0.278840428446068 4.75240926896539
107.851967265607 0.286933973311139 4.75240926896539
107.949370021297 0.29502751817621 4.75240926896539
108.046772776987 0.303121063041281 4.75240926896539
108.144175532677 0.311214607906351 4.75240926896539
108.241578288367 0.319308152771422 4.75240926896539
108.363353514931 0.329159435176455 4.50228246533563
108.460790658056 0.33682790464855 4.50228246533563
108.558227801182 0.344496374120644 4.50228246533563
108.63129293712 0.350407143563664 4.75240926896539
108.72869569281 0.358500688428735 4.75240926896539
108.8260984485 0.366594233293806 4.75240926896539
108.92350120419 0.374687778158877 4.75240926896539
109.02090395988 0.382781323023948 4.75240926896539
109.11830671557 0.390874867889019 4.75240926896539
109.21570947126 0.398968412754089 4.75240926896539
109.31311222695 0.40706195761916 4.75240926896539
109.410514982641 0.415155502484231 4.75240926896539
109.507917738331 0.423249047349302 4.75240926896539
109.654021871866 0.435389364646908 4.75240926896539
109.751424627556 0.443482909511979 4.75240926896539
109.848827383246 0.45157645437705 4.75240926896539
109.946230138936 0.459669999242121 4.75240926896539
110.043632894626 0.467763544107192 4.75240926896539
110.141035650316 0.475857088972263 4.75240926896539
110.238438406007 0.483950633837334 4.75240926896539
110.335841161697 0.492044178702404 4.75240926896539
110.433243917387 0.500137723567475 4.75240926896539
110.530646673077 0.508231268432546 4.75240926896539
110.628049428767 0.516324813297617 4.75240926896539
110.701114564705 0.522235582740637 4.50228246533563
110.822889791268 0.53208686514567 4.75240926896539
110.895954927206 0.53799763458869 4.50228246533563
110.993392070332 0.545666104060784 4.50228246533563
111.090829213457 0.553334573532879 4.50228246533563
111.163894349395 0.559245342975899 4.75240926896539
111.261297105085 0.56733888784097 4.75240926896539
111.358699860775 0.575432432706041 4.75240926896539
111.456102616465 0.583525977571111 4.75240926896539
111.553505372156 0.591619522436182 4.75240926896539
111.650908127846 0.599713067301253 4.75240926896539
111.748310883536 0.607806612166324 4.75240926896539
111.845713639226 0.615900157031395 4.75240926896539
111.943116394916 0.623993701896466 4.75240926896539
112.040519150606 0.632087246761537 4.75240926896539
112.137921906296 0.640180791626607 4.75240926896539
112.259652989455 0.650563323231248 5.00253607259515
112.357019503302 0.659081789399867 5.00253607259515
112.454386017148 0.667600255568487 5.00253607259515
112.551752530995 0.676118721737107 5.00253607259515
112.62479118089 0.682348240699891 4.75240926896539
112.72219393658 0.690441785564962 4.75240926896539
112.81959669227 0.698535330430033 4.75240926896539
112.916999447961 0.706628875295104 4.75240926896539
113.014402203651 0.714722420160174 4.75240926896539
113.111804959341 0.722815965025245 4.75240926896539
113.184843609236 0.729045483988029 5.00253607259515
113.282210123083 0.737563950156649 5.00253607259515
113.379576636929 0.746082416325269 5.00253607259515
113.452615286825 0.752311935288053 4.75240926896539
113.550018042515 0.760405480153124 4.75240926896539
113.62305669241 0.766634999115908 5.00253607259515
113.720423206257 0.775153465284528 5.00253607259515
113.817789720103 0.783671931453147 5.00253607259515
113.91515623395 0.792190397621767 5.00253607259515
114.012522747797 0.800708863790386 5.00253607259515
114.085561397692 0.806938382753171 4.75240926896539
114.182964153382 0.815031927618241 4.75240926896539
114.280366909072 0.823125472483312 4.75240926896539
114.377769664762 0.831219017348383 4.75240926896539
114.450808314658 0.837448536311168 5.00253607259515
114.572539397816 0.847831067915808 4.75240926896539
114.645578047712 0.854060586878592 5.00253607259515
114.742944561558 0.862579053047212 5.00253607259515
114.815983211454 0.868808572009996 4.75240926896539
114.889021861349 0.87503809097278 5.00253607259515
114.986388375196 0.8835565571414 5.00253607259515
115.083754889042 0.892075023310019 5.00253607259515
115.181121402889 0.900593489478639 5.00253607259515
115.229804659812 0.904852722562949 5.00253607259515
115.327171173659 0.913371188731569 5.00253607259515
115.424537687505 0.921889654900188 5.00253607259515
115.521904201352 0.930408121068808 5.00253607259515
115.594914974654 0.936956270950295 5.25266287622492
115.692243392939 0.945899496243146 5.25266287622492
115.789571811224 0.954842721535998 5.25266287622492
115.886900229509 0.96378594682885 5.25266287622492
115.959881736198 0.970652602961705 5.50278967985468
116.057170205929 0.98002041711267 5.50278967985468
116.15445867566 0.989388231263636 5.50278967985468
116.25174714539 0.998756045414601 5.50278967985468
116.300391380256 1.00343995249008 5.50278967985468
116.421976131278 1.01541500524507 5.75291648348444
116.519222800222 1.02520722990447 5.75291648348444
116.616469469166 1.03499945456387 5.75291648348444
116.71371613811 1.04479167922327 5.75291648348444
116.810962807054 1.05458390388267 5.75291648348444
116.908209475998 1.06437612854207 5.75291648348444
117.029740818762 1.0768815791762 6.0030432871142
117.126943835483 1.08709802791419 6.0030432871142
117.224146852204 1.09731447665219 6.0030432871142
117.321349868926 1.10753092539018 6.0030432871142
117.418552885647 1.11774737412818 6.0030432871142
117.491438258081 1.12556874038469 6.25317009074396
117.588595771974 1.13620921869482 6.25317009074396
117.685753285867 1.14684969700495 6.25317009074396
117.807170871831 1.16041521904663 6.50329689437372
117.904281033156 1.17147952434953 6.50329689437372
118.001391194482 1.18254382965243 6.50329689437372
118.098501355808 1.19360813495532 6.50329689437372
118.195611517133 1.20467244025822 6.50329689437372
118.268425860886 1.21312954549094 6.75342369800348
118.365486820807 1.22461746713818 6.75342369800348
118.462547780727 1.23610538878542 6.75342369800348
118.559608740648 1.24759331043266 6.75342369800348
118.680903323393 1.26221787081487 7.00355050163324
118.777913234008 1.27412919009298 7.00355050163324
118.874923144623 1.2860405093711 7.00355050163324
118.971933055238 1.29795182864921 7.00355050163324
119.068942965853 1.30986314792733 7.00355050163324
119.165952876468 1.32177446720544 7.00355050163324
119.262962787084 1.33368578648356 7.00355050163324
119.359972697699 1.34559710576167 7.00355050163324
119.456982608314 1.35750842503979 7.00355050163324
119.553992518929 1.3694197443179 7.00355050163324
119.723713982208 1.39063487804232 7.253677305263
119.820670996588 1.40296936817696 7.253677305263
119.917628010969 1.4153038583116 7.253677305263
120.01458502535 1.42763834844624 7.253677305263
120.111542039731 1.43997283858088 7.253677305263
120.208499054111 1.45230732871552 7.253677305263
120.281196459595 1.46171681971903 7.50380410889276
120.37809873182 1.47447424587928 7.50380410889276
120.475001004044 1.48723167203953 7.50380410889276
120.596093765607 1.50344267653329 7.75393091252252
120.692939450796 1.51662279583616 7.75393091252252
120.789785135984 1.52980291513902 7.75393091252252
120.910877897547 1.54601391963278 7.50380410889276
121.03197065911 1.56222492412654 7.75393091252252
121.128816344298 1.5754050434294 7.75393091252252
121.225662029487 1.58858516273226 7.75393091252252
121.34675479105 1.60479616722602 7.50380410889276
121.443657063274 1.61755359338628 7.50380410889276
121.564749824837 1.63376459788004 7.75393091252252
121.661595510025 1.6469447171829 7.75393091252252
121.758441195214 1.66012483648576 7.75393091252252
121.879462070434 1.67686405183328 8.00405771615229
121.976249324785 1.69046661334828 8.00405771615229
122.097270200005 1.70720582869581 7.75393091252252
BlueCove stack shutdown completed
